n_S,n_C,n_L,n_K,n_D,B
11,30,3,58,10,1580
==========
Car ID,Level,Initial station
1,1,10
2,1,9
3,1,6
4,1,5
5,1,9
6,1,11
7,1,2
8,1,6
9,1,10
10,1,3
11,1,8
12,1,11
13,2,7
14,2,8
15,2,3
16,2,5
17,2,8
18,2,11
19,2,5
20,2,8
21,2,5
22,2,1
23,3,10
24,3,8
25,3,2
26,3,9
27,3,5
28,3,9
29,3,5
30,3,4
==========
Car level,Hour rate
1,190
2,440
3,1080
==========
Order ID,Level,Pick-up station,Return station,Pick-up time,Return time
1,3,6,8,2023/01/07 00:30,2023/01/07 16:30
2,3,2,3,2023/01/09 19:00,2023/01/10 10:00
3,2,1,4,2023/01/02 15:00,2023/01/03 01:00
4,3,2,6,2023/01/04 19:00,2023/01/05 13:00
5,3,1,5,2023/01/03 01:00,2023/01/03 03:00
6,3,6,11,2023/01/01 05:30,2023/01/01 09:30
7,1,1,7,2023/01/03 19:30,2023/01/04 04:30
8,1,4,7,2023/01/01 18:00,2023/01/02 01:00
9,2,2,2,2023/01/02 22:30,2023/01/03 10:30
10,1,10,10,2023/01/03 14:00,2023/01/04 02:00
11,2,3,11,2023/01/02 15:30,2023/01/02 17:30
12,3,8,10,2023/01/05 10:00,2023/01/05 12:00
13,2,2,9,2023/01/05 13:30,2023/01/05 21:30
14,2,6,2,2023/01/07 05:30,2023/01/07 14:30
15,1,9,5,2023/01/06 09:30,2023/01/06 10:30
16,2,6,6,2023/01/05 08:30,2023/01/05 09:30
17,1,5,10,2023/01/03 19:30,2023/01/03 23:30
18,2,7,6,2023/01/05 11:00,2023/01/06 02:00
19,1,6,10,2023/01/05 10:30,2023/01/05 22:30
20,2,3,9,2023/01/03 21:00,2023/01/04 15:00
21,3,2,10,2023/01/03 18:00,2023/01/03 22:00
22,2,5,5,2023/01/04 21:30,2023/01/05 02:30
23,3,11,4,2023/01/04 18:00,2023/01/05 09:00
24,2,6,9,2023/01/05 11:30,2023/01/06 00:30
25,2,10,6,2023/01/06 17:00,2023/01/07 07:00
26,3,2,10,2023/01/09 03:30,2023/01/09 14:30
27,3,5,3,2023/01/09 08:00,2023/01/09 21:00
28,2,5,6,2023/01/02 17:00,2023/01/02 22:00
29,3,3,2,2023/01/10 05:30,2023/01/10 07:30
30,3,10,7,2023/01/09 17:00,2023/01/10 07:00
31,3,4,7,2023/01/07 09:30,2023/01/07 22:30
32,3,7,5,2023/01/02 00:30,2023/01/02 03:30
33,3,3,9,2023/01/04 23:00,2023/01/05 11:00
34,1,7,2,2023/01/01 17:30,2023/01/02 11:30
35,1,7,9,2023/01/02 23:30,2023/01/03 13:30
36,3,5,6,2023/01/09 03:00,2023/01/09 09:00
37,3,7,5,2023/01/05 03:00,2023/01/05 07:00
38,2,11,5,2023/01/03 00:30,2023/01/03 01:30
39,3,7,10,2023/01/06 10:00,2023/01/07 04:00
40,1,11,8,2023/01/08 21:30,2023/01/09 11:30
41,2,11,10,2023/01/02 01:00,2023/01/02 14:00
42,2,11,9,2023/01/04 11:00,2023/01/05 03:00
43,1,11,1,2023/01/05 23:30,2023/01/06 12:30
44,1,2,1,2023/01/09 10:30,2023/01/10 04:30
45,1,4,9,2023/01/04 23:30,2023/01/05 06:30
46,1,2,10,2023/01/04 06:00,2023/01/04 14:00
47,1,8,8,2023/01/02 19:00,2023/01/03 00:00
48,1,10,9,2023/01/10 04:00,2023/01/10 06:00
49,2,1,7,2023/01/06 18:30,2023/01/07 07:30
50,2,11,8,2023/01/10 17:30,2023/01/10 23:30
51,2,2,2,2023/01/07 05:30,2023/01/07 17:30
52,1,5,5,2023/01/10 09:30,2023/01/10 19:30
53,3,3,3,2023/01/01 19:30,2023/01/02 13:30
54,2,9,5,2023/01/05 11:00,2023/01/06 04:00
55,2,8,10,2023/01/07 17:00,2023/01/08 10:00
56,3,5,7,2023/01/07 21:00,2023/01/07 23:00
57,1,7,5,2023/01/02 04:00,2023/01/02 18:00
58,3,3,10,2023/01/01 00:00,2023/01/01 08:00
==========
From,To,Moving time
1,1,0
1,2,240
1,3,120
1,4,180
1,5,240
1,6,60
1,7,240
1,8,270
1,9,180
1,10,90
1,11,90
2,1,240
2,2,0
2,3,270
2,4,120
2,5,90
2,6,60
2,7,120
2,8,240
2,9,210
2,10,60
2,11,270
3,1,120
3,2,270
3,3,0
3,4,90
3,5,180
3,6,180
3,7,180
3,8,60
3,9,90
3,10,120
3,11,60
4,1,180
4,2,120
4,3,90
4,4,0
4,5,90
4,6,240
4,7,180
4,8,180
4,9,120
4,10,210
4,11,180
5,1,240
5,2,90
5,3,180
5,4,90
5,5,0
5,6,150
5,7,270
5,8,240
5,9,210
5,10,180
5,11,120
6,1,60
6,2,60
6,3,180
6,4,240
6,5,150
6,6,0
6,7,180
6,8,90
6,9,60
6,10,60
6,11,240
7,1,240
7,2,120
7,3,180
7,4,180
7,5,270
7,6,180
7,7,0
7,8,270
7,9,150
7,10,240
7,11,60
8,1,270
8,2,240
8,3,60
8,4,180
8,5,240
8,6,90
8,7,270
8,8,0
8,9,150
8,10,270
8,11,120
9,1,180
9,2,210
9,3,90
9,4,120
9,5,210
9,6,60
9,7,150
9,8,150
9,9,0
9,10,240
9,11,240
10,1,90
10,2,60
10,3,120
10,4,210
10,5,180
10,6,60
10,7,240
10,8,270
10,9,240
10,10,0
10,11,60
11,1,90
11,2,270
11,3,60
11,4,180
11,5,120
11,6,240
11,7,60
11,8,120
11,9,240
11,10,60
11,11,0
==========
