n_S,n_C,n_L,n_K,n_D,B
11,30,3,58,10,1580
==========
Car ID,Level,Initial station
1,1,5
2,1,5
3,1,9
4,1,5
5,1,11
6,1,8
7,1,2
8,1,3
9,1,4
10,1,3
11,1,1
12,1,4
13,2,11
14,2,2
15,2,3
16,2,5
17,2,6
18,2,7
19,2,5
20,2,9
21,2,5
22,2,3
23,3,7
24,3,11
25,3,3
26,3,1
27,3,11
28,3,6
29,3,2
30,3,9
==========
Car level,Hour rate
1,190
2,440
3,1080
==========
Order ID,Level,Pick-up station,Return station,Pick-up time,Return time
1,3,9,2,2023/01/09 04:00,2023/01/09 11:00
2,2,1,2,2023/01/09 23:30,2023/01/10 07:30
3,2,4,5,2023/01/07 12:30,2023/01/07 14:30
4,3,3,8,2023/01/09 18:30,2023/01/09 21:30
5,1,10,7,2023/01/02 21:00,2023/01/03 10:00
6,1,10,6,2023/01/03 17:30,2023/01/03 19:30
7,1,2,5,2023/01/07 11:00,2023/01/08 00:00
8,1,8,1,2023/01/07 22:30,2023/01/08 00:30
9,2,1,8,2023/01/06 10:30,2023/01/06 15:30
10,2,11,2,2023/01/07 23:30,2023/01/08 00:30
11,3,6,5,2023/01/07 00:00,2023/01/07 18:00
12,3,4,10,2023/01/07 15:30,2023/01/07 22:30
13,2,5,11,2023/01/03 13:00,2023/01/04 07:00
14,1,6,7,2023/01/07 11:00,2023/01/07 23:00
15,1,4,7,2023/01/07 14:30,2023/01/08 05:30
16,2,9,10,2023/01/03 05:30,2023/01/03 16:30
17,1,7,4,2023/01/08 16:30,2023/01/09 04:30
18,1,6,5,2023/01/07 07:30,2023/01/07 13:30
19,3,5,1,2023/01/02 19:30,2023/01/03 08:30
20,2,8,7,2023/01/05 08:00,2023/01/05 20:00
21,1,7,9,2023/01/10 02:30,2023/01/10 07:30
22,3,10,8,2023/01/01 18:00,2023/01/02 09:00
23,2,11,7,2023/01/08 05:00,2023/01/08 21:00
24,1,1,2,2023/01/01 12:00,2023/01/01 16:00
25,2,6,1,2023/01/08 02:30,2023/01/08 07:30
26,2,6,2,2023/01/07 08:00,2023/01/07 17:00
27,2,7,4,2023/01/04 13:00,2023/01/05 06:00
28,2,9,1,2023/01/07 03:00,2023/01/07 11:00
29,3,9,7,2023/01/02 22:30,2023/01/03 14:30
30,2,9,11,2023/01/10 06:00,2023/01/10 16:00
31,3,1,3,2023/01/03 04:30,2023/01/03 07:30
32,3,3,4,2023/01/03 00:30,2023/01/03 05:30
33,2,2,9,2023/01/08 10:00,2023/01/09 00:00
34,1,7,1,2023/01/06 09:30,2023/01/06 14:30
35,1,8,9,2023/01/04 00:30,2023/01/04 06:30
36,2,4,4,2023/01/10 03:00,2023/01/10 05:00
37,2,10,4,2023/01/05 21:00,2023/01/06 00:00
38,1,4,10,2023/01/02 11:30,2023/01/02 17:30
39,2,9,4,2023/01/07 08:30,2023/01/07 09:30
40,1,2,2,2023/01/07 04:30,2023/01/07 18:30
41,2,7,10,2023/01/09 16:00,2023/01/10 10:00
42,3,10,3,2023/01/02 02:30,2023/01/02 19:30
43,3,2,6,2023/01/05 10:00,2023/01/06 03:00
44,3,5,4,2023/01/09 07:30,2023/01/09 15:30
45,2,8,11,2023/01/08 01:00,2023/01/08 14:00
46,1,6,1,2023/01/08 09:30,2023/01/08 17:30
47,3,11,9,2023/01/09 11:30,2023/01/09 23:30
48,1,2,11,2023/01/03 12:00,2023/01/03 19:00
49,1,6,10,2023/01/04 04:30,2023/01/04 22:30
50,2,11,7,2023/01/08 13:00,2023/01/09 03:00
51,1,4,1,2023/01/01 04:00,2023/01/01 20:00
52,3,1,6,2023/01/02 19:30,2023/01/02 22:30
53,2,4,4,2023/01/06 05:30,2023/01/06 21:30
54,2,6,7,2023/01/02 02:00,2023/01/02 10:00
55,1,7,3,2023/01/03 19:30,2023/01/04 00:30
56,2,5,1,2023/01/02 23:30,2023/01/03 12:30
57,2,9,7,2023/01/01 12:30,2023/01/01 17:30
58,2,8,4,2023/01/03 06:30,2023/01/03 12:30
==========
From,To,Moving time
1,1,0
1,2,90
1,3,240
1,4,210
1,5,150
1,6,90
1,7,120
1,8,120
1,9,90
1,10,240
1,11,180
2,1,90
2,2,0
2,3,180
2,4,240
2,5,90
2,6,240
2,7,90
2,8,270
2,9,210
2,10,60
2,11,120
3,1,240
3,2,180
3,3,0
3,4,150
3,5,180
3,6,120
3,7,90
3,8,90
3,9,180
3,10,270
3,11,120
4,1,210
4,2,240
4,3,150
4,4,0
4,5,270
4,6,150
4,7,210
4,8,150
4,9,240
4,10,120
4,11,210
5,1,150
5,2,90
5,3,180
5,4,270
5,5,0
5,6,90
5,7,210
5,8,90
5,9,240
5,10,180
5,11,90
6,1,90
6,2,240
6,3,120
6,4,150
6,5,90
6,6,0
6,7,150
6,8,90
6,9,120
6,10,150
6,11,120
7,1,120
7,2,90
7,3,90
7,4,210
7,5,210
7,6,150
7,7,0
7,8,210
7,9,240
7,10,240
7,11,150
8,1,120
8,2,270
8,3,90
8,4,150
8,5,90
8,6,90
8,7,210
8,8,0
8,9,90
8,10,270
8,11,210
9,1,90
9,2,210
9,3,180
9,4,240
9,5,240
9,6,120
9,7,240
9,8,90
9,9,0
9,10,120
9,11,150
10,1,240
10,2,60
10,3,270
10,4,120
10,5,180
10,6,150
10,7,240
10,8,270
10,9,120
10,10,0
10,11,210
11,1,180
11,2,120
11,3,120
11,4,210
11,5,90
11,6,120
11,7,150
11,8,210
11,9,150
11,10,210
11,11,0
==========
