n_S,n_C,n_L,n_K,n_D,B
11,30,3,58,10,1580
==========
Car ID,Level,Initial station
1,1,7
2,1,9
3,1,5
4,1,9
5,1,1
6,1,1
7,1,11
8,1,2
9,1,5
10,1,9
11,1,5
12,1,5
13,2,5
14,2,3
15,2,9
16,2,3
17,2,4
18,2,6
19,2,11
20,2,8
21,2,1
22,2,4
23,3,3
24,3,6
25,3,7
26,3,3
27,3,4
28,3,7
29,3,10
30,3,7
==========
Car level,Hour rate
1,190
2,440
3,1080
==========
Order ID,Level,Pick-up station,Return station,Pick-up time,Return time
1,3,11,1,2023/01/03 14:30,2023/01/03 21:30
2,3,9,11,2023/01/01 07:30,2023/01/01 10:30
3,3,3,5,2023/01/04 12:00,2023/01/05 01:00
4,3,5,6,2023/01/04 13:30,2023/01/05 05:30
5,3,6,6,2023/01/08 10:30,2023/01/08 20:30
6,1,8,10,2023/01/06 14:00,2023/01/06 18:00
7,3,3,9,2023/01/03 09:30,2023/01/03 13:30
8,3,5,11,2023/01/02 11:00,2023/01/03 03:00
9,3,2,5,2023/01/01 17:30,2023/01/01 23:30
10,2,10,6,2023/01/07 13:30,2023/01/07 21:30
11,1,8,5,2023/01/02 14:00,2023/01/03 05:00
12,1,6,3,2023/01/09 05:30,2023/01/09 18:30
13,2,9,4,2023/01/02 05:00,2023/01/02 10:00
14,3,5,11,2023/01/05 09:00,2023/01/05 16:00
15,2,9,7,2023/01/10 01:30,2023/01/10 02:30
16,1,2,11,2023/01/09 02:00,2023/01/09 15:00
17,3,1,9,2023/01/02 14:00,2023/01/03 08:00
18,1,2,11,2023/01/06 22:30,2023/01/07 11:30
19,3,10,2,2023/01/09 16:00,2023/01/10 08:00
20,1,7,2,2023/01/02 05:00,2023/01/02 08:00
21,3,4,10,2023/01/08 10:00,2023/01/08 18:00
22,2,6,2,2023/01/06 09:30,2023/01/06 22:30
23,3,10,6,2023/01/04 15:30,2023/01/04 17:30
24,1,9,11,2023/01/07 20:30,2023/01/07 21:30
25,1,8,2,2023/01/08 01:00,2023/01/08 08:00
26,1,6,1,2023/01/09 08:00,2023/01/09 13:00
27,2,5,11,2023/01/06 05:30,2023/01/06 09:30
28,1,5,3,2023/01/06 07:00,2023/01/06 13:00
29,1,1,4,2023/01/08 02:30,2023/01/08 12:30
30,1,7,1,2023/01/05 02:30,2023/01/05 10:30
31,1,5,11,2023/01/10 02:30,2023/01/10 12:30
32,1,5,4,2023/01/07 23:30,2023/01/08 11:30
33,2,3,6,2023/01/06 20:30,2023/01/07 10:30
34,2,10,6,2023/01/01 17:30,2023/01/01 18:30
35,1,5,8,2023/01/02 03:30,2023/01/02 19:30
36,1,3,8,2023/01/07 03:30,2023/01/07 11:30
37,1,5,2,2023/01/03 21:00,2023/01/04 01:00
38,1,7,6,2023/01/01 01:30,2023/01/01 13:30
39,1,7,3,2023/01/03 12:30,2023/01/04 00:30
40,3,9,1,2023/01/10 01:00,2023/01/10 05:00
41,3,6,4,2023/01/05 07:00,2023/01/05 16:00
42,2,4,10,2023/01/06 04:30,2023/01/06 06:30
43,1,2,4,2023/01/03 00:30,2023/01/03 03:30
44,2,8,6,2023/01/08 03:30,2023/01/08 14:30
45,1,3,10,2023/01/01 04:30,2023/01/01 09:30
46,3,1,2,2023/01/05 00:00,2023/01/05 08:00
47,2,5,9,2023/01/01 00:30,2023/01/01 01:30
48,3,1,10,2023/01/07 04:30,2023/01/07 13:30
49,2,2,7,2023/01/01 05:30,2023/01/01 16:30
50,2,6,8,2023/01/08 15:00,2023/01/08 22:00
51,1,9,1,2023/01/03 08:00,2023/01/03 10:00
52,1,3,10,2023/01/04 03:30,2023/01/04 17:30
53,2,8,9,2023/01/02 12:30,2023/01/02 20:30
54,3,3,9,2023/01/04 23:30,2023/01/05 09:30
55,3,8,5,2023/01/06 03:30,2023/01/06 10:30
56,2,2,1,2023/01/06 02:30,2023/01/06 10:30
57,3,9,9,2023/01/02 01:30,2023/01/02 15:30
58,1,3,3,2023/01/06 03:00,2023/01/06 18:00
==========
From,To,Moving time
1,1,0
1,2,120
1,3,210
1,4,90
1,5,210
1,6,60
1,7,120
1,8,60
1,9,270
1,10,120
1,11,150
2,1,120
2,2,0
2,3,240
2,4,120
2,5,270
2,6,270
2,7,150
2,8,120
2,9,210
2,10,180
2,11,210
3,1,210
3,2,240
3,3,0
3,4,180
3,5,120
3,6,270
3,7,60
3,8,270
3,9,210
3,10,180
3,11,240
4,1,90
4,2,120
4,3,180
4,4,0
4,5,270
4,6,60
4,7,60
4,8,120
4,9,180
4,10,180
4,11,240
5,1,210
5,2,270
5,3,120
5,4,270
5,5,0
5,6,180
5,7,270
5,8,90
5,9,240
5,10,210
5,11,90
6,1,60
6,2,270
6,3,270
6,4,60
6,5,180
6,6,0
6,7,180
6,8,180
6,9,60
6,10,60
6,11,150
7,1,120
7,2,150
7,3,60
7,4,60
7,5,270
7,6,180
7,7,0
7,8,210
7,9,90
7,10,180
7,11,60
8,1,60
8,2,120
8,3,270
8,4,120
8,5,90
8,6,180
8,7,210
8,8,0
8,9,270
8,10,60
8,11,210
9,1,270
9,2,210
9,3,210
9,4,180
9,5,240
9,6,60
9,7,90
9,8,270
9,9,0
9,10,90
9,11,210
10,1,120
10,2,180
10,3,180
10,4,180
10,5,210
10,6,60
10,7,180
10,8,60
10,9,90
10,10,0
10,11,90
11,1,150
11,2,210
11,3,240
11,4,240
11,5,90
11,6,150
11,7,60
11,8,210
11,9,210
11,10,90
11,11,0
==========
