n_S,n_C,n_L,n_K,n_D,B
11,30,3,58,10,1580
==========
Car ID,Level,Initial station
1,1,6
2,1,1
3,1,7
4,1,1
5,1,3
6,1,9
7,1,9
8,1,7
9,1,4
10,1,4
11,1,5
12,1,6
13,2,9
14,2,7
15,2,6
16,2,5
17,2,8
18,2,4
19,2,10
20,2,3
21,2,9
22,2,1
23,3,5
24,3,9
25,3,3
26,3,2
27,3,7
28,3,1
29,3,4
30,3,9
==========
Car level,Hour rate
1,190
2,440
3,1080
==========
Order ID,Level,Pick-up station,Return station,Pick-up time,Return time
1,2,5,4,2023/01/02 04:00,2023/01/02 05:00
2,3,3,11,2023/01/09 13:00,2023/01/09 20:00
3,2,6,6,2023/01/02 14:00,2023/01/03 01:00
4,3,10,11,2023/01/07 01:30,2023/01/07 19:30
5,2,6,7,2023/01/08 10:00,2023/01/08 22:00
6,2,11,2,2023/01/07 18:30,2023/01/07 23:30
7,1,11,11,2023/01/02 05:30,2023/01/02 20:30
8,2,7,1,2023/01/10 05:30,2023/01/10 23:30
9,2,6,2,2023/01/08 11:30,2023/01/09 03:30
10,2,11,6,2023/01/10 08:30,2023/01/10 15:30
11,2,1,2,2023/01/08 06:00,2023/01/08 16:00
12,2,8,4,2023/01/05 13:00,2023/01/06 03:00
13,2,5,4,2023/01/06 15:30,2023/01/07 05:30
14,2,2,4,2023/01/03 20:00,2023/01/04 04:00
15,3,9,9,2023/01/05 21:30,2023/01/06 03:30
16,1,8,8,2023/01/08 13:00,2023/01/09 00:00
17,3,6,2,2023/01/03 13:30,2023/01/03 16:30
18,2,6,10,2023/01/05 20:00,2023/01/06 07:00
19,2,3,5,2023/01/05 15:30,2023/01/06 04:30
20,3,2,5,2023/01/06 20:30,2023/01/07 00:30
21,1,10,11,2023/01/01 10:30,2023/01/01 22:30
22,3,1,9,2023/01/09 07:30,2023/01/10 00:30
23,1,11,5,2023/01/09 09:00,2023/01/09 18:00
24,3,1,1,2023/01/10 06:00,2023/01/10 17:00
25,1,10,9,2023/01/06 07:00,2023/01/06 21:00
26,1,6,9,2023/01/02 22:30,2023/01/03 14:30
27,2,4,3,2023/01/01 18:30,2023/01/02 09:30
28,3,4,8,2023/01/06 04:30,2023/01/06 21:30
29,2,1,5,2023/01/08 07:30,2023/01/08 13:30
30,3,8,5,2023/01/09 09:00,2023/01/09 21:00
31,2,4,11,2023/01/05 01:30,2023/01/05 12:30
32,2,9,4,2023/01/01 15:00,2023/01/01 23:00
33,2,7,4,2023/01/01 18:30,2023/01/02 03:30
34,2,3,7,2023/01/06 12:30,2023/01/07 06:30
35,1,3,2,2023/01/09 00:30,2023/01/09 14:30
36,2,7,5,2023/01/09 14:30,2023/01/10 06:30
37,2,3,4,2023/01/06 17:30,2023/01/07 11:30
38,1,5,8,2023/01/04 15:30,2023/01/05 08:30
39,2,3,7,2023/01/07 16:30,2023/01/08 06:30
40,3,2,1,2023/01/05 10:30,2023/01/05 19:30
41,3,1,5,2023/01/08 23:00,2023/01/09 15:00
42,1,7,4,2023/01/07 14:00,2023/01/08 04:00
43,2,9,5,2023/01/05 13:30,2023/01/05 17:30
44,2,7,3,2023/01/06 15:30,2023/01/06 20:30
45,3,4,5,2023/01/06 20:30,2023/01/07 06:30
46,1,6,8,2023/01/09 10:00,2023/01/10 03:00
47,3,7,10,2023/01/08 23:30,2023/01/09 11:30
48,3,4,6,2023/01/07 04:00,2023/01/07 19:00
49,1,6,8,2023/01/04 23:30,2023/01/05 17:30
50,2,10,8,2023/01/09 21:30,2023/01/10 09:30
51,3,7,2,2023/01/03 14:00,2023/01/03 18:00
52,3,11,1,2023/01/09 11:30,2023/01/09 13:30
53,2,5,3,2023/01/08 19:00,2023/01/09 08:00
54,2,6,8,2023/01/07 15:00,2023/01/07 22:00
55,1,3,4,2023/01/01 11:30,2023/01/01 20:30
56,3,11,4,2023/01/01 17:00,2023/01/02 03:00
57,3,8,6,2023/01/01 09:00,2023/01/01 19:00
58,3,4,1,2023/01/03 15:00,2023/01/04 07:00
==========
From,To,Moving time
1,1,0
1,2,240
1,3,210
1,4,270
1,5,120
1,6,240
1,7,210
1,8,240
1,9,120
1,10,150
1,11,240
2,1,240
2,2,0
2,3,210
2,4,270
2,5,60
2,6,120
2,7,150
2,8,60
2,9,210
2,10,180
2,11,60
3,1,210
3,2,210
3,3,0
3,4,60
3,5,210
3,6,240
3,7,60
3,8,60
3,9,150
3,10,270
3,11,90
4,1,270
4,2,270
4,3,60
4,4,0
4,5,150
4,6,240
4,7,120
4,8,120
4,9,240
4,10,60
4,11,90
5,1,120
5,2,60
5,3,210
5,4,150
5,5,0
5,6,150
5,7,60
5,8,180
5,9,150
5,10,240
5,11,120
6,1,240
6,2,120
6,3,240
6,4,240
6,5,150
6,6,0
6,7,90
6,8,120
6,9,270
6,10,210
6,11,90
7,1,210
7,2,150
7,3,60
7,4,120
7,5,60
7,6,90
7,7,0
7,8,270
7,9,270
7,10,90
7,11,240
8,1,240
8,2,60
8,3,60
8,4,120
8,5,180
8,6,120
8,7,270
8,8,0
8,9,60
8,10,150
8,11,210
9,1,120
9,2,210
9,3,150
9,4,240
9,5,150
9,6,270
9,7,270
9,8,60
9,9,0
9,10,120
9,11,90
10,1,150
10,2,180
10,3,270
10,4,60
10,5,240
10,6,210
10,7,90
10,8,150
10,9,120
10,10,0
10,11,270
11,1,240
11,2,60
11,3,90
11,4,90
11,5,120
11,6,90
11,7,240
11,8,210
11,9,90
11,10,270
11,11,0
==========
