n_S,n_C,n_L,n_K,n_D,B
11,30,3,58,10,1580
==========
Car ID,Level,Initial station
1,1,2
2,1,10
3,1,6
4,1,8
5,1,6
6,1,2
7,1,9
8,1,2
9,1,7
10,1,2
11,1,11
12,1,1
13,2,5
14,2,5
15,2,3
16,2,10
17,2,2
18,2,6
19,2,6
20,2,10
21,2,7
22,2,6
23,3,9
24,3,7
25,3,1
26,3,4
27,3,10
28,3,8
29,3,9
30,3,8
==========
Car level,Hour rate
1,190
2,440
3,1080
==========
Order ID,Level,Pick-up station,Return station,Pick-up time,Return time
1,3,3,10,2023/01/09 02:30,2023/01/09 10:30
2,3,8,2,2023/01/01 11:00,2023/01/01 23:00
3,3,8,4,2023/01/10 06:00,2023/01/10 07:00
4,3,3,1,2023/01/07 04:00,2023/01/07 12:00
5,3,11,11,2023/01/02 09:30,2023/01/02 13:30
6,1,9,6,2023/01/09 23:00,2023/01/10 08:00
7,2,10,2,2023/01/06 05:00,2023/01/06 14:00
8,3,1,11,2023/01/02 02:00,2023/01/02 19:00
9,2,2,11,2023/01/01 12:00,2023/01/01 16:00
10,3,8,1,2023/01/04 03:00,2023/01/04 21:00
11,1,3,9,2023/01/08 13:30,2023/01/09 02:30
12,3,9,5,2023/01/04 18:30,2023/01/05 10:30
13,3,2,9,2023/01/06 22:30,2023/01/07 14:30
14,2,10,10,2023/01/02 15:00,2023/01/02 20:00
15,1,1,10,2023/01/08 15:00,2023/01/09 05:00
16,3,4,7,2023/01/08 08:30,2023/01/09 00:30
17,2,11,2,2023/01/08 03:00,2023/01/08 15:00
18,2,7,1,2023/01/06 07:30,2023/01/06 19:30
19,1,11,5,2023/01/08 10:30,2023/01/08 12:30
20,3,11,4,2023/01/09 15:00,2023/01/09 19:00
21,3,8,10,2023/01/05 13:00,2023/01/05 17:00
22,3,7,4,2023/01/02 05:00,2023/01/02 16:00
23,2,7,11,2023/01/09 00:30,2023/01/09 15:30
24,1,5,4,2023/01/05 03:30,2023/01/05 21:30
25,2,8,8,2023/01/09 13:30,2023/01/09 16:30
26,1,4,1,2023/01/05 23:00,2023/01/06 11:00
27,2,4,8,2023/01/10 11:00,2023/01/10 23:00
28,2,2,6,2023/01/10 03:30,2023/01/10 07:30
29,2,10,7,2023/01/09 00:30,2023/01/09 16:30
30,2,1,1,2023/01/01 08:30,2023/01/02 02:30
31,2,11,9,2023/01/05 08:30,2023/01/06 02:30
32,1,7,6,2023/01/07 18:00,2023/01/08 00:00
33,1,4,6,2023/01/07 23:00,2023/01/08 16:00
34,2,2,11,2023/01/08 15:30,2023/01/09 09:30
35,1,9,6,2023/01/10 01:30,2023/01/10 02:30
36,3,5,11,2023/01/07 06:00,2023/01/07 19:00
37,3,2,9,2023/01/03 10:30,2023/01/03 16:30
38,2,9,9,2023/01/10 17:00,2023/01/10 22:00
39,1,7,11,2023/01/07 15:30,2023/01/08 04:30
40,3,9,10,2023/01/08 22:00,2023/01/09 16:00
41,1,4,5,2023/01/01 13:00,2023/01/02 07:00
42,3,5,3,2023/01/05 11:30,2023/01/05 16:30
43,3,10,4,2023/01/03 15:00,2023/01/03 23:00
44,2,8,3,2023/01/02 02:00,2023/01/02 07:00
45,1,9,10,2023/01/08 18:30,2023/01/08 20:30
46,1,7,4,2023/01/01 09:30,2023/01/02 01:30
47,3,6,1,2023/01/06 04:30,2023/01/06 20:30
48,1,9,11,2023/01/05 11:00,2023/01/06 00:00
49,3,2,5,2023/01/01 10:00,2023/01/01 22:00
50,1,3,1,2023/01/04 06:00,2023/01/04 17:00
51,3,7,1,2023/01/03 19:30,2023/01/03 22:30
52,1,1,8,2023/01/07 23:30,2023/01/08 12:30
53,2,5,11,2023/01/02 01:30,2023/01/02 07:30
54,3,1,5,2023/01/04 09:30,2023/01/04 16:30
55,3,1,2,2023/01/03 08:30,2023/01/03 10:30
56,1,9,1,2023/01/09 07:30,2023/01/10 01:30
57,1,5,9,2023/01/06 21:30,2023/01/07 10:30
58,1,2,5,2023/01/04 02:30,2023/01/04 11:30
==========
From,To,Moving time
1,1,0
1,2,210
1,3,120
1,4,270
1,5,120
1,6,240
1,7,60
1,8,120
1,9,240
1,10,180
1,11,150
2,1,210
2,2,0
2,3,180
2,4,210
2,5,150
2,6,90
2,7,60
2,8,120
2,9,240
2,10,150
2,11,90
3,1,120
3,2,180
3,3,0
3,4,240
3,5,150
3,6,270
3,7,150
3,8,240
3,9,240
3,10,210
3,11,180
4,1,270
4,2,210
4,3,240
4,4,0
4,5,120
4,6,240
4,7,210
4,8,60
4,9,210
4,10,90
4,11,150
5,1,120
5,2,150
5,3,150
5,4,120
5,5,0
5,6,150
5,7,90
5,8,270
5,9,270
5,10,240
5,11,60
6,1,240
6,2,90
6,3,270
6,4,240
6,5,150
6,6,0
6,7,90
6,8,240
6,9,60
6,10,120
6,11,180
7,1,60
7,2,60
7,3,150
7,4,210
7,5,90
7,6,90
7,7,0
7,8,240
7,9,90
7,10,120
7,11,60
8,1,120
8,2,120
8,3,240
8,4,60
8,5,270
8,6,240
8,7,240
8,8,0
8,9,270
8,10,270
8,11,270
9,1,240
9,2,240
9,3,240
9,4,210
9,5,270
9,6,60
9,7,90
9,8,270
9,9,0
9,10,120
9,11,180
10,1,180
10,2,150
10,3,210
10,4,90
10,5,240
10,6,120
10,7,120
10,8,270
10,9,120
10,10,0
10,11,90
11,1,150
11,2,90
11,3,180
11,4,150
11,5,60
11,6,180
11,7,60
11,8,270
11,9,180
11,10,90
11,11,0
==========
