n_S,n_C,n_L,n_K,n_D,B
11,30,3,58,10,1580
==========
Car ID,Level,Initial station
1,1,3
2,1,10
3,1,2
4,1,4
5,1,4
6,1,4
7,1,6
8,1,2
9,1,11
10,1,5
11,1,1
12,1,11
13,2,10
14,2,4
15,2,7
16,2,8
17,2,1
18,2,11
19,2,4
20,2,2
21,2,9
22,2,6
23,3,7
24,3,3
25,3,6
26,3,11
27,3,2
28,3,5
29,3,4
30,3,1
==========
Car level,Hour rate
1,190
2,440
3,1080
==========
Order ID,Level,Pick-up station,Return station,Pick-up time,Return time
1,2,6,9,2023/01/02 14:00,2023/01/02 22:00
2,3,4,1,2023/01/10 02:30,2023/01/10 05:30
3,3,11,1,2023/01/10 03:00,2023/01/10 20:00
4,3,6,10,2023/01/06 22:00,2023/01/07 07:00
5,1,9,9,2023/01/05 12:30,2023/01/05 20:30
6,1,6,10,2023/01/08 02:00,2023/01/08 15:00
7,3,8,9,2023/01/07 02:30,2023/01/07 06:30
8,3,3,3,2023/01/09 21:00,2023/01/10 13:00
9,1,2,2,2023/01/09 00:30,2023/01/09 18:30
10,3,6,2,2023/01/09 10:00,2023/01/09 21:00
11,2,1,10,2023/01/08 15:00,2023/01/09 04:00
12,1,2,8,2023/01/09 09:00,2023/01/09 23:00
13,1,7,1,2023/01/06 02:00,2023/01/06 08:00
14,2,4,6,2023/01/02 05:00,2023/01/02 10:00
15,2,3,1,2023/01/10 07:00,2023/01/10 10:00
16,1,2,7,2023/01/09 10:00,2023/01/10 04:00
17,1,2,6,2023/01/01 09:30,2023/01/01 12:30
18,2,3,8,2023/01/04 21:30,2023/01/05 08:30
19,1,10,10,2023/01/07 04:30,2023/01/07 19:30
20,3,9,6,2023/01/04 04:30,2023/01/04 10:30
21,2,9,6,2023/01/01 13:00,2023/01/01 23:00
22,2,9,1,2023/01/02 06:00,2023/01/03 00:00
23,2,2,11,2023/01/03 09:00,2023/01/04 03:00
24,3,3,7,2023/01/01 05:00,2023/01/01 13:00
25,1,11,9,2023/01/09 22:30,2023/01/10 13:30
26,3,9,1,2023/01/08 10:00,2023/01/08 11:00
27,2,5,2,2023/01/04 09:30,2023/01/04 20:30
28,1,7,10,2023/01/09 17:00,2023/01/10 06:00
29,1,4,1,2023/01/07 00:00,2023/01/07 03:00
30,2,9,3,2023/01/09 18:00,2023/01/10 11:00
31,1,3,1,2023/01/03 19:30,2023/01/03 21:30
32,3,10,8,2023/01/09 11:00,2023/01/09 23:00
33,2,2,2,2023/01/06 16:00,2023/01/06 17:00
34,2,9,8,2023/01/06 12:30,2023/01/06 18:30
35,1,5,4,2023/01/03 01:30,2023/01/03 03:30
36,3,10,9,2023/01/08 04:00,2023/01/08 13:00
37,3,11,1,2023/01/05 12:30,2023/01/05 13:30
38,2,2,8,2023/01/03 22:30,2023/01/03 23:30
39,2,10,11,2023/01/07 20:00,2023/01/07 23:00
40,2,9,5,2023/01/08 18:00,2023/01/09 03:00
41,3,10,1,2023/01/06 11:30,2023/01/06 12:30
42,1,11,7,2023/01/05 05:30,2023/01/05 23:30
43,2,4,5,2023/01/06 18:30,2023/01/07 09:30
44,2,6,2,2023/01/10 03:00,2023/01/10 08:00
45,2,2,1,2023/01/05 19:30,2023/01/06 05:30
46,2,2,3,2023/01/07 07:00,2023/01/07 20:00
47,3,3,4,2023/01/09 10:30,2023/01/10 02:30
48,2,11,10,2023/01/05 01:00,2023/01/05 09:00
49,1,1,9,2023/01/07 23:00,2023/01/08 11:00
50,2,11,6,2023/01/08 20:00,2023/01/09 07:00
51,3,4,9,2023/01/02 19:00,2023/01/03 09:00
52,2,9,1,2023/01/07 22:00,2023/01/08 03:00
53,1,3,4,2023/01/05 04:00,2023/01/05 19:00
54,3,5,9,2023/01/08 00:00,2023/01/08 01:00
55,2,11,7,2023/01/02 23:30,2023/01/03 15:30
56,2,6,8,2023/01/01 14:00,2023/01/01 15:00
57,1,4,2,2023/01/07 22:30,2023/01/08 01:30
58,2,9,4,2023/01/04 20:00,2023/01/04 23:00
==========
From,To,Moving time
1,1,0
1,2,60
1,3,150
1,4,210
1,5,240
1,6,120
1,7,60
1,8,180
1,9,210
1,10,210
1,11,240
2,1,60
2,2,0
2,3,60
2,4,240
2,5,270
2,6,90
2,7,60
2,8,210
2,9,90
2,10,150
2,11,270
3,1,150
3,2,60
3,3,0
3,4,210
3,5,60
3,6,210
3,7,60
3,8,120
3,9,180
3,10,210
3,11,180
4,1,210
4,2,240
4,3,210
4,4,0
4,5,270
4,6,240
4,7,240
4,8,270
4,9,150
4,10,270
4,11,90
5,1,240
5,2,270
5,3,60
5,4,270
5,5,0
5,6,180
5,7,60
5,8,150
5,9,60
5,10,180
5,11,270
6,1,120
6,2,90
6,3,210
6,4,240
6,5,180
6,6,0
6,7,90
6,8,150
6,9,150
6,10,90
6,11,120
7,1,60
7,2,60
7,3,60
7,4,240
7,5,60
7,6,90
7,7,0
7,8,210
7,9,210
7,10,90
7,11,240
8,1,180
8,2,210
8,3,120
8,4,270
8,5,150
8,6,150
8,7,210
8,8,0
8,9,270
8,10,150
8,11,180
9,1,210
9,2,90
9,3,180
9,4,150
9,5,60
9,6,150
9,7,210
9,8,270
9,9,0
9,10,60
9,11,150
10,1,210
10,2,150
10,3,210
10,4,270
10,5,180
10,6,90
10,7,90
10,8,150
10,9,60
10,10,0
10,11,120
11,1,240
11,2,270
11,3,180
11,4,90
11,5,270
11,6,120
11,7,240
11,8,180
11,9,150
11,10,120
11,11,0
==========
