n_S,n_C,n_L,n_K,n_D,B
11,30,3,58,10,1580
==========
Car ID,Level,Initial station
1,1,9
2,1,9
3,1,1
4,1,2
5,1,11
6,1,10
7,1,11
8,1,5
9,1,8
10,1,2
11,1,1
12,1,5
13,2,1
14,2,6
15,2,9
16,2,10
17,2,6
18,2,7
19,2,5
20,2,6
21,2,5
22,2,7
23,3,7
24,3,2
25,3,2
26,3,6
27,3,7
28,3,9
29,3,3
30,3,10
==========
Car level,Hour rate
1,190
2,440
3,1080
==========
Order ID,Level,Pick-up station,Return station,Pick-up time,Return time
1,2,5,8,2023/01/07 15:00,2023/01/08 09:00
2,2,4,9,2023/01/06 18:00,2023/01/07 12:00
3,1,3,7,2023/01/03 02:00,2023/01/03 14:00
4,2,9,5,2023/01/08 00:00,2023/01/08 07:00
5,1,7,5,2023/01/05 23:30,2023/01/06 02:30
6,1,9,10,2023/01/01 19:30,2023/01/02 10:30
7,2,4,7,2023/01/08 14:00,2023/01/09 00:00
8,1,3,10,2023/01/03 19:30,2023/01/04 02:30
9,1,1,9,2023/01/08 06:00,2023/01/08 18:00
10,3,5,11,2023/01/03 02:30,2023/01/03 07:30
11,3,3,2,2023/01/08 07:30,2023/01/08 14:30
12,2,10,3,2023/01/07 00:30,2023/01/07 01:30
13,2,1,8,2023/01/03 00:00,2023/01/03 10:00
14,3,5,9,2023/01/02 13:00,2023/01/03 04:00
15,1,7,5,2023/01/08 01:30,2023/01/08 16:30
16,2,11,10,2023/01/09 22:00,2023/01/10 05:00
17,1,5,1,2023/01/10 04:30,2023/01/10 14:30
18,1,4,11,2023/01/04 18:00,2023/01/04 21:00
19,3,4,10,2023/01/01 14:30,2023/01/01 20:30
20,1,8,5,2023/01/09 00:30,2023/01/09 04:30
21,1,6,7,2023/01/07 02:30,2023/01/07 16:30
22,2,7,11,2023/01/09 13:00,2023/01/09 19:00
23,1,11,11,2023/01/08 20:00,2023/01/09 09:00
24,1,2,8,2023/01/03 12:30,2023/01/04 03:30
25,1,11,6,2023/01/05 15:00,2023/01/06 05:00
26,1,2,1,2023/01/05 08:00,2023/01/05 21:00
27,1,3,4,2023/01/09 21:30,2023/01/10 15:30
28,2,1,8,2023/01/04 22:00,2023/01/05 13:00
29,3,9,9,2023/01/07 15:00,2023/01/07 21:00
30,2,2,7,2023/01/02 20:00,2023/01/03 12:00
31,1,1,1,2023/01/03 00:30,2023/01/03 01:30
32,1,4,11,2023/01/07 17:30,2023/01/08 07:30
33,1,2,2,2023/01/07 15:00,2023/01/08 03:00
34,3,10,2,2023/01/01 11:30,2023/01/01 19:30
35,2,10,2,2023/01/07 02:30,2023/01/07 16:30
36,2,4,4,2023/01/01 07:00,2023/01/01 23:00
37,1,8,9,2023/01/02 06:00,2023/01/02 18:00
38,2,7,2,2023/01/06 12:30,2023/01/07 01:30
39,3,4,11,2023/01/06 14:30,2023/01/07 05:30
40,1,7,7,2023/01/03 04:30,2023/01/03 15:30
41,2,11,2,2023/01/08 16:00,2023/01/08 19:00
42,3,2,5,2023/01/05 00:00,2023/01/05 12:00
43,3,4,2,2023/01/10 12:30,2023/01/10 14:30
44,1,11,2,2023/01/02 02:00,2023/01/02 16:00
45,1,8,4,2023/01/07 03:00,2023/01/07 11:00
46,3,9,1,2023/01/07 17:30,2023/01/08 09:30
47,2,10,3,2023/01/04 00:30,2023/01/04 05:30
48,3,5,2,2023/01/09 22:00,2023/01/10 03:00
49,2,10,7,2023/01/01 20:30,2023/01/01 22:30
50,1,3,10,2023/01/09 23:00,2023/01/10 00:00
51,1,5,4,2023/01/01 20:30,2023/01/02 06:30
52,2,1,3,2023/01/08 17:00,2023/01/09 05:00
53,2,4,5,2023/01/09 11:00,2023/01/09 12:00
54,3,11,1,2023/01/07 05:00,2023/01/07 13:00
55,1,9,1,2023/01/04 15:30,2023/01/04 23:30
56,1,3,4,2023/01/06 12:00,2023/01/07 03:00
57,1,1,6,2023/01/09 04:30,2023/01/09 10:30
58,2,6,9,2023/01/05 17:00,2023/01/06 00:00
==========
From,To,Moving time
1,1,0
1,2,60
1,3,210
1,4,210
1,5,210
1,6,60
1,7,240
1,8,240
1,9,150
1,10,210
1,11,60
2,1,60
2,2,0
2,3,180
2,4,270
2,5,270
2,6,210
2,7,210
2,8,60
2,9,120
2,10,180
2,11,120
3,1,210
3,2,180
3,3,0
3,4,240
3,5,120
3,6,270
3,7,210
3,8,150
3,9,210
3,10,120
3,11,60
4,1,210
4,2,270
4,3,240
4,4,0
4,5,210
4,6,120
4,7,90
4,8,60
4,9,240
4,10,210
4,11,150
5,1,210
5,2,270
5,3,120
5,4,210
5,5,0
5,6,90
5,7,240
5,8,210
5,9,210
5,10,240
5,11,180
6,1,60
6,2,210
6,3,270
6,4,120
6,5,90
6,6,0
6,7,150
6,8,270
6,9,270
6,10,120
6,11,270
7,1,240
7,2,210
7,3,210
7,4,90
7,5,240
7,6,150
7,7,0
7,8,240
7,9,120
7,10,270
7,11,90
8,1,240
8,2,60
8,3,150
8,4,60
8,5,210
8,6,270
8,7,240
8,8,0
8,9,240
8,10,210
8,11,60
9,1,150
9,2,120
9,3,210
9,4,240
9,5,210
9,6,270
9,7,120
9,8,240
9,9,0
9,10,240
9,11,60
10,1,210
10,2,180
10,3,120
10,4,210
10,5,240
10,6,120
10,7,270
10,8,210
10,9,240
10,10,0
10,11,90
11,1,60
11,2,120
11,3,60
11,4,150
11,5,180
11,6,270
11,7,90
11,8,60
11,9,60
11,10,90
11,11,0
==========
