n_S,n_C,n_L,n_K,n_D,B
11,30,3,58,10,1580
==========
Car ID,Level,Initial station
1,1,6
2,1,7
3,1,7
4,1,10
5,1,5
6,1,1
7,1,11
8,1,7
9,1,11
10,1,7
11,1,11
12,1,6
13,2,2
14,2,3
15,2,3
16,2,6
17,2,6
18,2,3
19,2,8
20,2,5
21,2,11
22,2,5
23,3,9
24,3,2
25,3,8
26,3,6
27,3,1
28,3,5
29,3,1
30,3,1
==========
Car level,Hour rate
1,190
2,440
3,1080
==========
Order ID,Level,Pick-up station,Return station,Pick-up time,Return time
1,1,9,11,2023/01/06 23:00,2023/01/07 15:00
2,3,11,11,2023/01/02 16:30,2023/01/03 04:30
3,3,2,10,2023/01/04 21:00,2023/01/04 22:00
4,2,2,11,2023/01/06 01:00,2023/01/06 05:00
5,3,10,6,2023/01/08 07:30,2023/01/09 01:30
6,1,3,3,2023/01/09 16:30,2023/01/10 09:30
7,1,2,5,2023/01/06 21:30,2023/01/07 14:30
8,1,10,1,2023/01/06 15:00,2023/01/07 01:00
9,1,10,8,2023/01/01 13:00,2023/01/01 21:00
10,1,7,2,2023/01/05 15:30,2023/01/06 05:30
11,2,1,4,2023/01/01 21:00,2023/01/02 03:00
12,1,1,1,2023/01/09 13:30,2023/01/09 14:30
13,2,2,7,2023/01/01 05:30,2023/01/01 22:30
14,1,10,7,2023/01/04 11:30,2023/01/04 13:30
15,2,10,11,2023/01/05 11:00,2023/01/06 04:00
16,3,3,11,2023/01/02 05:00,2023/01/02 08:00
17,3,3,4,2023/01/05 14:30,2023/01/06 07:30
18,2,4,3,2023/01/09 00:30,2023/01/09 14:30
19,3,8,5,2023/01/06 21:30,2023/01/06 23:30
20,2,8,1,2023/01/02 15:30,2023/01/02 16:30
21,2,5,5,2023/01/08 01:30,2023/01/08 11:30
22,1,7,8,2023/01/01 19:00,2023/01/02 02:00
23,1,11,6,2023/01/04 21:00,2023/01/05 02:00
24,1,4,8,2023/01/06 23:30,2023/01/07 08:30
25,3,10,2,2023/01/08 20:00,2023/01/09 09:00
26,2,5,3,2023/01/09 11:00,2023/01/09 21:00
27,1,6,2,2023/01/04 03:30,2023/01/04 16:30
28,1,9,5,2023/01/05 08:00,2023/01/06 02:00
29,2,5,10,2023/01/05 04:00,2023/01/05 18:00
30,2,9,8,2023/01/03 16:00,2023/01/03 19:00
31,2,8,3,2023/01/02 22:00,2023/01/03 02:00
32,1,1,10,2023/01/02 10:00,2023/01/03 01:00
33,1,9,6,2023/01/05 06:30,2023/01/05 19:30
34,2,11,9,2023/01/01 15:00,2023/01/02 02:00
35,1,4,5,2023/01/09 20:00,2023/01/10 02:00
36,2,7,3,2023/01/05 05:00,2023/01/05 08:00
37,2,8,9,2023/01/04 17:30,2023/01/05 03:30
38,3,8,10,2023/01/08 03:30,2023/01/08 16:30
39,3,11,9,2023/01/05 18:30,2023/01/06 06:30
40,3,11,3,2023/01/09 21:00,2023/01/10 15:00
41,3,8,7,2023/01/09 00:30,2023/01/09 15:30
42,1,1,7,2023/01/09 11:30,2023/01/09 15:30
43,2,5,8,2023/01/05 06:30,2023/01/05 14:30
44,2,10,7,2023/01/08 16:00,2023/01/08 19:00
45,2,10,10,2023/01/04 16:00,2023/01/04 22:00
46,2,8,1,2023/01/08 23:00,2023/01/09 03:00
47,3,11,2,2023/01/04 16:30,2023/01/05 00:30
48,2,5,2,2023/01/08 04:00,2023/01/08 16:00
49,3,4,7,2023/01/07 07:30,2023/01/07 15:30
50,3,10,2,2023/01/07 17:00,2023/01/07 21:00
51,1,4,11,2023/01/09 15:00,2023/01/09 23:00
52,1,2,7,2023/01/09 08:30,2023/01/09 18:30
53,2,3,1,2023/01/01 12:30,2023/01/02 05:30
54,1,8,2,2023/01/06 19:30,2023/01/07 10:30
55,1,5,2,2023/01/08 22:30,2023/01/09 12:30
56,1,5,9,2023/01/08 16:30,2023/01/09 09:30
57,2,11,10,2023/01/07 07:30,2023/01/08 01:30
58,1,2,1,2023/01/07 08:00,2023/01/07 12:00
==========
From,To,Moving time
1,1,0
1,2,120
1,3,120
1,4,150
1,5,270
1,6,150
1,7,210
1,8,150
1,9,60
1,10,120
1,11,270
2,1,120
2,2,0
2,3,240
2,4,120
2,5,90
2,6,90
2,7,270
2,8,210
2,9,180
2,10,60
2,11,60
3,1,120
3,2,240
3,3,0
3,4,120
3,5,210
3,6,180
3,7,270
3,8,270
3,9,180
3,10,240
3,11,90
4,1,150
4,2,120
4,3,120
4,4,0
4,5,90
4,6,60
4,7,180
4,8,210
4,9,60
4,10,210
4,11,180
5,1,270
5,2,90
5,3,210
5,4,90
5,5,0
5,6,120
5,7,90
5,8,120
5,9,120
5,10,120
5,11,60
6,1,150
6,2,90
6,3,180
6,4,60
6,5,120
6,6,0
6,7,240
6,8,90
6,9,150
6,10,60
6,11,60
7,1,210
7,2,270
7,3,270
7,4,180
7,5,90
7,6,240
7,7,0
7,8,120
7,9,60
7,10,180
7,11,90
8,1,150
8,2,210
8,3,270
8,4,210
8,5,120
8,6,90
8,7,120
8,8,0
8,9,60
8,10,180
8,11,270
9,1,60
9,2,180
9,3,180
9,4,60
9,5,120
9,6,150
9,7,60
9,8,60
9,9,0
9,10,210
9,11,150
10,1,120
10,2,60
10,3,240
10,4,210
10,5,120
10,6,60
10,7,180
10,8,180
10,9,210
10,10,0
10,11,60
11,1,270
11,2,60
11,3,90
11,4,180
11,5,60
11,6,60
11,7,90
11,8,270
11,9,150
11,10,60
11,11,0
==========
