n_S,n_C,n_L,n_K,n_D,B
11,30,3,58,10,1580
==========
Car ID,Level,Initial station
1,1,11
2,1,2
3,1,8
4,1,2
5,1,5
6,1,7
7,1,5
8,1,3
9,1,10
10,1,3
11,1,6
12,1,11
13,2,2
14,2,5
15,2,11
16,2,2
17,2,9
18,2,6
19,2,11
20,2,3
21,2,8
22,2,7
23,3,6
24,3,10
25,3,4
26,3,3
27,3,8
28,3,8
29,3,4
30,3,1
==========
Car level,Hour rate
1,190
2,440
3,1080
==========
Order ID,Level,Pick-up station,Return station,Pick-up time,Return time
1,1,1,2,2023/01/04 07:00,2023/01/04 15:00
2,3,6,5,2023/01/09 08:00,2023/01/09 13:00
3,2,4,8,2023/01/08 05:30,2023/01/08 06:30
4,3,2,1,2023/01/08 01:30,2023/01/08 19:30
5,3,8,9,2023/01/06 22:30,2023/01/06 23:30
6,3,11,7,2023/01/06 07:00,2023/01/07 01:00
7,2,11,7,2023/01/09 03:00,2023/01/09 10:00
8,3,7,4,2023/01/04 21:30,2023/01/05 05:30
9,3,4,7,2023/01/02 19:30,2023/01/02 23:30
10,2,1,7,2023/01/08 11:30,2023/01/09 02:30
11,2,3,5,2023/01/02 06:30,2023/01/02 19:30
12,3,4,10,2023/01/06 16:30,2023/01/06 21:30
13,1,6,8,2023/01/03 00:00,2023/01/03 03:00
14,2,6,2,2023/01/04 08:30,2023/01/04 17:30
15,3,6,2,2023/01/01 13:00,2023/01/02 00:00
16,3,2,8,2023/01/05 08:00,2023/01/05 20:00
17,3,10,10,2023/01/08 07:00,2023/01/08 16:00
18,3,9,7,2023/01/02 00:00,2023/01/02 02:00
19,1,2,7,2023/01/05 01:30,2023/01/05 10:30
20,3,2,5,2023/01/06 12:00,2023/01/06 17:00
21,3,2,5,2023/01/08 23:30,2023/01/09 05:30
22,1,1,4,2023/01/03 08:00,2023/01/03 14:00
23,1,9,3,2023/01/07 15:30,2023/01/08 07:30
24,1,8,6,2023/01/08 04:30,2023/01/08 05:30
25,3,11,9,2023/01/09 14:00,2023/01/10 00:00
26,3,5,2,2023/01/10 16:00,2023/01/10 23:00
27,3,7,7,2023/01/06 20:00,2023/01/07 11:00
28,2,7,3,2023/01/09 19:30,2023/01/10 09:30
29,1,3,1,2023/01/02 02:30,2023/01/02 10:30
30,3,8,11,2023/01/01 06:00,2023/01/01 16:00
31,2,8,7,2023/01/06 21:00,2023/01/06 23:00
32,2,11,2,2023/01/01 08:00,2023/01/02 00:00
33,3,4,8,2023/01/05 12:00,2023/01/06 05:00
34,3,7,2,2023/01/05 15:00,2023/01/06 07:00
35,3,6,8,2023/01/09 21:00,2023/01/10 12:00
36,3,8,11,2023/01/07 19:30,2023/01/08 08:30
37,2,5,3,2023/01/06 11:00,2023/01/06 18:00
38,3,4,10,2023/01/08 02:30,2023/01/08 08:30
39,1,10,10,2023/01/01 20:00,2023/01/02 06:00
40,1,7,2,2023/01/04 08:30,2023/01/04 18:30
41,3,7,5,2023/01/02 22:00,2023/01/03 10:00
42,1,11,10,2023/01/05 01:30,2023/01/05 18:30
43,2,10,3,2023/01/08 11:30,2023/01/08 16:30
44,1,6,5,2023/01/03 01:30,2023/01/03 02:30
45,2,2,7,2023/01/08 12:00,2023/01/08 16:00
46,2,7,10,2023/01/05 21:00,2023/01/06 00:00
47,1,10,1,2023/01/05 22:00,2023/01/06 13:00
48,3,10,7,2023/01/02 18:00,2023/01/02 21:00
49,3,5,7,2023/01/01 09:00,2023/01/01 19:00
50,1,10,6,2023/01/09 04:00,2023/01/09 21:00
51,1,10,1,2023/01/02 01:00,2023/01/02 18:00
52,3,6,6,2023/01/03 22:00,2023/01/04 03:00
53,1,4,1,2023/01/02 07:00,2023/01/02 15:00
54,3,9,4,2023/01/07 17:00,2023/01/07 19:00
55,2,3,3,2023/01/02 08:00,2023/01/02 17:00
56,1,10,2,2023/01/01 05:30,2023/01/01 23:30
57,2,3,7,2023/01/02 04:30,2023/01/02 07:30
58,3,3,7,2023/01/06 18:00,2023/01/07 01:00
==========
From,To,Moving time
1,1,0
1,2,210
1,3,150
1,4,210
1,5,210
1,6,180
1,7,240
1,8,120
1,9,120
1,10,60
1,11,210
2,1,210
2,2,0
2,3,180
2,4,240
2,5,210
2,6,270
2,7,60
2,8,270
2,9,210
2,10,90
2,11,270
3,1,150
3,2,180
3,3,0
3,4,210
3,5,150
3,6,240
3,7,150
3,8,90
3,9,270
3,10,180
3,11,240
4,1,210
4,2,240
4,3,210
4,4,0
4,5,60
4,6,180
4,7,120
4,8,60
4,9,270
4,10,210
4,11,120
5,1,210
5,2,210
5,3,150
5,4,60
5,5,0
5,6,180
5,7,60
5,8,210
5,9,240
5,10,90
5,11,90
6,1,180
6,2,270
6,3,240
6,4,180
6,5,180
6,6,0
6,7,150
6,8,90
6,9,120
6,10,120
6,11,240
7,1,240
7,2,60
7,3,150
7,4,120
7,5,60
7,6,150
7,7,0
7,8,90
7,9,180
7,10,150
7,11,270
8,1,120
8,2,270
8,3,90
8,4,60
8,5,210
8,6,90
8,7,90
8,8,0
8,9,240
8,10,150
8,11,180
9,1,120
9,2,210
9,3,270
9,4,270
9,5,240
9,6,120
9,7,180
9,8,240
9,9,0
9,10,210
9,11,180
10,1,60
10,2,90
10,3,180
10,4,210
10,5,90
10,6,120
10,7,150
10,8,150
10,9,210
10,10,0
10,11,210
11,1,210
11,2,270
11,3,240
11,4,120
11,5,90
11,6,240
11,7,270
11,8,180
11,9,180
11,10,210
11,11,0
==========
