n_S,n_C,n_L,n_K,n_D,B
11,30,3,58,10,1580
==========
Car ID,Level,Initial station
1,1,2
2,1,6
3,1,11
4,1,6
5,1,11
6,1,3
7,1,11
8,1,6
9,1,2
10,1,6
11,1,4
12,1,11
13,2,8
14,2,4
15,2,11
16,2,3
17,2,5
18,2,4
19,2,5
20,2,6
21,2,9
22,2,11
23,3,1
24,3,4
25,3,10
26,3,2
27,3,3
28,3,10
29,3,5
30,3,1
==========
Car level,Hour rate
1,190
2,440
3,1080
==========
Order ID,Level,Pick-up station,Return station,Pick-up time,Return time
1,1,8,5,2023/01/01 20:00,2023/01/01 22:00
2,3,1,2,2023/01/04 04:30,2023/01/04 13:30
3,3,11,9,2023/01/03 16:30,2023/01/03 18:30
4,2,3,4,2023/01/07 12:30,2023/01/08 04:30
5,1,11,7,2023/01/03 05:30,2023/01/03 19:30
6,3,10,9,2023/01/04 04:30,2023/01/04 09:30
7,3,7,2,2023/01/06 14:00,2023/01/07 05:00
8,2,10,8,2023/01/08 02:30,2023/01/08 10:30
9,3,3,11,2023/01/04 12:00,2023/01/04 13:00
10,3,4,6,2023/01/07 21:00,2023/01/08 14:00
11,3,9,3,2023/01/07 17:00,2023/01/08 06:00
12,1,11,8,2023/01/10 01:30,2023/01/10 07:30
13,3,11,4,2023/01/03 20:30,2023/01/04 06:30
14,2,3,7,2023/01/06 18:30,2023/01/06 21:30
15,2,2,11,2023/01/06 06:30,2023/01/06 14:30
16,2,9,6,2023/01/08 15:30,2023/01/09 02:30
17,1,11,5,2023/01/03 23:00,2023/01/04 05:00
18,3,10,9,2023/01/05 05:30,2023/01/05 08:30
19,3,7,4,2023/01/06 01:00,2023/01/06 18:00
20,2,3,5,2023/01/07 20:00,2023/01/08 11:00
21,1,3,3,2023/01/07 03:30,2023/01/07 14:30
22,2,2,7,2023/01/07 01:00,2023/01/07 15:00
23,1,8,4,2023/01/08 12:00,2023/01/08 14:00
24,3,7,2,2023/01/02 03:30,2023/01/02 08:30
25,1,10,5,2023/01/07 04:00,2023/01/07 08:00
26,2,7,8,2023/01/04 17:00,2023/01/05 08:00
27,1,4,11,2023/01/03 07:00,2023/01/03 14:00
28,1,2,2,2023/01/03 02:30,2023/01/03 13:30
29,3,7,5,2023/01/03 22:30,2023/01/04 09:30
30,3,9,4,2023/01/04 01:00,2023/01/04 15:00
31,2,8,8,2023/01/08 11:00,2023/01/08 20:00
32,1,9,8,2023/01/08 00:00,2023/01/08 15:00
33,3,8,10,2023/01/07 07:30,2023/01/07 19:30
34,1,5,3,2023/01/08 23:30,2023/01/09 01:30
35,2,3,8,2023/01/07 01:00,2023/01/07 17:00
36,3,6,1,2023/01/09 22:30,2023/01/10 05:30
37,2,4,5,2023/01/09 23:00,2023/01/10 10:00
38,3,8,2,2023/01/01 08:30,2023/01/01 15:30
39,2,6,6,2023/01/04 21:00,2023/01/05 06:00
40,2,2,6,2023/01/05 08:30,2023/01/05 23:30
41,2,6,10,2023/01/04 16:00,2023/01/05 03:00
42,3,1,7,2023/01/02 09:30,2023/01/02 13:30
43,3,8,8,2023/01/09 22:30,2023/01/10 07:30
44,2,4,3,2023/01/09 03:30,2023/01/09 09:30
45,3,7,5,2023/01/03 21:00,2023/01/04 15:00
46,2,2,10,2023/01/04 07:30,2023/01/04 08:30
47,1,4,2,2023/01/01 18:00,2023/01/01 22:00
48,2,5,11,2023/01/05 02:30,2023/01/05 17:30
49,2,10,8,2023/01/07 00:00,2023/01/07 10:00
50,2,2,3,2023/01/03 03:30,2023/01/03 21:30
51,1,7,8,2023/01/01 15:00,2023/01/02 04:00
52,1,4,5,2023/01/07 07:30,2023/01/07 17:30
53,2,6,1,2023/01/07 04:00,2023/01/07 09:00
54,3,11,4,2023/01/02 18:00,2023/01/02 20:00
55,2,7,5,2023/01/04 11:30,2023/01/04 18:30
56,1,6,9,2023/01/07 07:30,2023/01/07 13:30
57,1,8,7,2023/01/03 20:30,2023/01/03 23:30
58,1,7,5,2023/01/01 18:00,2023/01/01 21:00
==========
From,To,Moving time
1,1,0
1,2,120
1,3,90
1,4,180
1,5,180
1,6,90
1,7,180
1,8,180
1,9,240
1,10,60
1,11,270
2,1,120
2,2,0
2,3,150
2,4,210
2,5,240
2,6,270
2,7,180
2,8,120
2,9,150
2,10,270
2,11,60
3,1,90
3,2,150
3,3,0
3,4,210
3,5,180
3,6,210
3,7,180
3,8,90
3,9,180
3,10,120
3,11,90
4,1,180
4,2,210
4,3,210
4,4,0
4,5,180
4,6,270
4,7,150
4,8,150
4,9,60
4,10,90
4,11,90
5,1,180
5,2,240
5,3,180
5,4,180
5,5,0
5,6,60
5,7,60
5,8,180
5,9,270
5,10,150
5,11,60
6,1,90
6,2,270
6,3,210
6,4,270
6,5,60
6,6,0
6,7,60
6,8,90
6,9,90
6,10,60
6,11,270
7,1,180
7,2,180
7,3,180
7,4,150
7,5,60
7,6,60
7,7,0
7,8,120
7,9,240
7,10,150
7,11,120
8,1,180
8,2,120
8,3,90
8,4,150
8,5,180
8,6,90
8,7,120
8,8,0
8,9,150
8,10,270
8,11,60
9,1,240
9,2,150
9,3,180
9,4,60
9,5,270
9,6,90
9,7,240
9,8,150
9,9,0
9,10,180
9,11,60
10,1,60
10,2,270
10,3,120
10,4,90
10,5,150
10,6,60
10,7,150
10,8,270
10,9,180
10,10,0
10,11,90
11,1,270
11,2,60
11,3,90
11,4,90
11,5,60
11,6,270
11,7,120
11,8,60
11,9,60
11,10,90
11,11,0
==========
