n_S,n_C,n_L,n_K,n_D,B
11,30,3,58,10,1580
==========
Car ID,Level,Initial station
1,1,3
2,1,5
3,1,11
4,1,9
5,1,11
6,1,1
7,1,6
8,1,1
9,1,1
10,1,5
11,1,5
12,1,11
13,2,8
14,2,6
15,2,6
16,2,6
17,2,5
18,2,8
19,2,11
20,2,9
21,2,4
22,2,7
23,3,6
24,3,5
25,3,10
26,3,11
27,3,4
28,3,8
29,3,6
30,3,7
==========
Car level,Hour rate
1,190
2,440
3,1080
==========
Order ID,Level,Pick-up station,Return station,Pick-up time,Return time
1,1,10,8,2023/01/08 13:30,2023/01/09 02:30
2,1,8,3,2023/01/07 03:30,2023/01/07 13:30
3,1,5,6,2023/01/08 10:30,2023/01/09 01:30
4,1,7,2,2023/01/03 20:00,2023/01/04 03:00
5,1,7,10,2023/01/08 08:00,2023/01/08 09:00
6,1,2,10,2023/01/01 00:30,2023/01/01 16:30
7,2,3,7,2023/01/02 21:30,2023/01/03 15:30
8,1,9,10,2023/01/10 12:00,2023/01/10 22:00
9,1,6,11,2023/01/09 02:30,2023/01/09 15:30
10,3,6,7,2023/01/04 23:00,2023/01/05 13:00
11,1,10,8,2023/01/04 01:00,2023/01/04 10:00
12,1,5,10,2023/01/03 10:30,2023/01/04 02:30
13,1,6,6,2023/01/02 10:00,2023/01/03 04:00
14,1,10,5,2023/01/10 07:00,2023/01/10 12:00
15,1,2,11,2023/01/05 09:00,2023/01/05 14:00
16,3,3,6,2023/01/10 12:00,2023/01/10 17:00
17,1,6,5,2023/01/07 12:30,2023/01/08 05:30
18,1,9,1,2023/01/01 23:00,2023/01/02 14:00
19,1,8,8,2023/01/09 12:00,2023/01/10 04:00
20,1,11,10,2023/01/07 20:00,2023/01/08 06:00
21,1,9,1,2023/01/02 20:00,2023/01/03 04:00
22,1,8,8,2023/01/07 22:30,2023/01/08 11:30
23,1,7,2,2023/01/01 11:30,2023/01/01 14:30
24,1,4,3,2023/01/06 06:00,2023/01/06 23:00
25,1,1,3,2023/01/03 05:00,2023/01/03 18:00
26,1,10,8,2023/01/05 01:00,2023/01/05 05:00
27,1,3,10,2023/01/05 23:00,2023/01/06 13:00
28,1,7,11,2023/01/03 17:30,2023/01/04 02:30
29,1,7,5,2023/01/05 10:30,2023/01/05 13:30
30,2,2,5,2023/01/08 23:00,2023/01/09 01:00
31,1,7,4,2023/01/04 17:00,2023/01/04 21:00
32,3,3,5,2023/01/10 10:00,2023/01/10 22:00
33,3,11,9,2023/01/06 08:30,2023/01/07 00:30
34,2,3,2,2023/01/02 16:00,2023/01/03 01:00
35,2,3,9,2023/01/09 14:00,2023/01/09 19:00
36,1,9,2,2023/01/01 18:30,2023/01/02 00:30
37,1,3,2,2023/01/05 18:00,2023/01/06 03:00
38,1,8,9,2023/01/01 02:00,2023/01/01 06:00
39,1,8,8,2023/01/02 11:00,2023/01/03 03:00
40,1,1,8,2023/01/04 00:00,2023/01/04 05:00
41,1,4,9,2023/01/09 08:00,2023/01/09 18:00
42,2,6,2,2023/01/03 04:30,2023/01/03 09:30
43,3,11,4,2023/01/02 14:00,2023/01/03 02:00
44,1,10,11,2023/01/06 02:30,2023/01/06 10:30
45,1,4,10,2023/01/03 06:30,2023/01/03 11:30
46,1,4,6,2023/01/09 10:30,2023/01/10 03:30
47,1,1,6,2023/01/02 19:00,2023/01/03 05:00
48,3,8,5,2023/01/08 23:30,2023/01/09 09:30
49,2,8,8,2023/01/02 15:00,2023/01/03 07:00
50,1,2,6,2023/01/05 15:00,2023/01/06 02:00
51,1,2,2,2023/01/02 22:00,2023/01/03 10:00
52,1,5,1,2023/01/05 05:00,2023/01/05 17:00
53,2,8,4,2023/01/10 18:30,2023/01/10 22:30
54,1,3,5,2023/01/03 23:00,2023/01/04 10:00
55,3,7,4,2023/01/08 15:30,2023/01/08 18:30
56,1,3,1,2023/01/08 10:00,2023/01/09 04:00
57,1,1,9,2023/01/03 17:00,2023/01/04 03:00
58,1,5,8,2023/01/06 00:00,2023/01/06 16:00
==========
From,To,Moving time
1,1,0
1,2,210
1,3,150
1,4,180
1,5,90
1,6,240
1,7,270
1,8,120
1,9,240
1,10,180
1,11,240
2,1,210
2,2,0
2,3,270
2,4,120
2,5,120
2,6,210
2,7,180
2,8,120
2,9,150
2,10,210
2,11,210
3,1,150
3,2,270
3,3,0
3,4,180
3,5,90
3,6,180
3,7,90
3,8,210
3,9,60
3,10,60
3,11,240
4,1,180
4,2,120
4,3,180
4,4,0
4,5,270
4,6,180
4,7,240
4,8,210
4,9,210
4,10,90
4,11,90
5,1,90
5,2,120
5,3,90
5,4,270
5,5,0
5,6,180
5,7,90
5,8,180
5,9,210
5,10,240
5,11,240
6,1,240
6,2,210
6,3,180
6,4,180
6,5,180
6,6,0
6,7,270
6,8,150
6,9,90
6,10,210
6,11,150
7,1,270
7,2,180
7,3,90
7,4,240
7,5,90
7,6,270
7,7,0
7,8,120
7,9,150
7,10,90
7,11,90
8,1,120
8,2,120
8,3,210
8,4,210
8,5,180
8,6,150
8,7,120
8,8,0
8,9,270
8,10,120
8,11,240
9,1,240
9,2,150
9,3,60
9,4,210
9,5,210
9,6,90
9,7,150
9,8,270
9,9,0
9,10,60
9,11,90
10,1,180
10,2,210
10,3,60
10,4,90
10,5,240
10,6,210
10,7,90
10,8,120
10,9,60
10,10,0
10,11,150
11,1,240
11,2,210
11,3,240
11,4,90
11,5,240
11,6,150
11,7,90
11,8,240
11,9,90
11,10,150
11,11,0
==========
