n_S,n_C,n_L,n_K,n_D,B
11,30,3,58,10,1580
==========
Car ID,Level,Initial station
1,1,9
2,1,9
3,1,10
4,1,8
5,1,11
6,1,3
7,1,5
8,1,8
9,1,3
10,1,8
11,1,2
12,1,5
13,2,1
14,2,2
15,2,11
16,2,4
17,2,9
18,2,4
19,2,7
20,2,1
21,2,10
22,2,3
23,3,2
24,3,1
25,3,4
26,3,9
27,3,5
28,3,1
29,3,1
30,3,5
==========
Car level,Hour rate
1,190
2,440
3,1080
==========
Order ID,Level,Pick-up station,Return station,Pick-up time,Return time
1,1,6,7,2023/01/09 21:00,2023/01/10 11:00
2,1,4,10,2023/01/05 17:00,2023/01/05 22:00
3,1,7,5,2023/01/04 13:00,2023/01/04 21:00
4,1,6,4,2023/01/03 00:30,2023/01/03 08:30
5,1,2,9,2023/01/07 18:30,2023/01/07 20:30
6,1,11,11,2023/01/05 04:30,2023/01/05 19:30
7,3,7,7,2023/01/09 04:30,2023/01/09 07:30
8,1,4,9,2023/01/07 22:30,2023/01/08 10:30
9,1,11,9,2023/01/09 05:30,2023/01/09 11:30
10,1,2,5,2023/01/09 21:00,2023/01/10 04:00
11,1,8,7,2023/01/03 10:30,2023/01/03 11:30
12,1,10,4,2023/01/08 17:00,2023/01/09 06:00
13,1,5,4,2023/01/05 11:30,2023/01/05 19:30
14,2,8,10,2023/01/06 00:00,2023/01/06 13:00
15,1,11,6,2023/01/04 19:30,2023/01/05 02:30
16,1,10,11,2023/01/10 18:00,2023/01/10 22:00
17,1,1,7,2023/01/02 06:30,2023/01/02 09:30
18,3,11,7,2023/01/03 04:30,2023/01/03 07:30
19,1,3,6,2023/01/06 09:30,2023/01/06 21:30
20,1,5,5,2023/01/05 19:30,2023/01/06 06:30
21,2,4,7,2023/01/02 23:30,2023/01/03 11:30
22,1,9,3,2023/01/10 13:00,2023/01/10 14:00
23,1,1,1,2023/01/08 06:00,2023/01/08 20:00
24,1,5,11,2023/01/05 09:00,2023/01/05 14:00
25,2,4,8,2023/01/01 09:00,2023/01/01 17:00
26,1,3,2,2023/01/08 19:00,2023/01/09 08:00
27,1,10,5,2023/01/01 06:00,2023/01/02 00:00
28,2,3,1,2023/01/06 00:30,2023/01/06 01:30
29,1,4,2,2023/01/06 01:30,2023/01/06 10:30
30,1,11,2,2023/01/08 05:00,2023/01/08 06:00
31,2,7,3,2023/01/05 19:30,2023/01/06 10:30
32,3,2,3,2023/01/07 17:00,2023/01/07 19:00
33,2,11,3,2023/01/07 10:00,2023/01/07 16:00
34,2,1,4,2023/01/05 06:00,2023/01/05 18:00
35,2,8,2,2023/01/01 10:00,2023/01/01 21:00
36,3,11,6,2023/01/10 10:30,2023/01/10 17:30
37,1,7,3,2023/01/03 01:30,2023/01/03 09:30
38,1,7,7,2023/01/09 05:30,2023/01/09 13:30
39,1,6,5,2023/01/06 11:00,2023/01/06 19:00
40,1,7,9,2023/01/08 17:30,2023/01/09 02:30
41,1,5,11,2023/01/05 16:00,2023/01/05 18:00
42,1,9,7,2023/01/01 14:30,2023/01/01 19:30
43,2,6,9,2023/01/06 09:30,2023/01/07 03:30
44,1,4,11,2023/01/06 08:30,2023/01/06 19:30
45,1,3,5,2023/01/01 11:30,2023/01/02 03:30
46,1,1,5,2023/01/07 01:30,2023/01/07 11:30
47,1,8,11,2023/01/03 13:00,2023/01/04 00:00
48,1,3,11,2023/01/10 03:30,2023/01/10 17:30
49,1,10,2,2023/01/08 06:00,2023/01/08 09:00
50,1,5,10,2023/01/09 02:30,2023/01/09 05:30
51,2,9,1,2023/01/09 02:30,2023/01/09 10:30
52,1,5,6,2023/01/08 14:30,2023/01/08 15:30
53,1,10,9,2023/01/04 14:00,2023/01/05 06:00
54,2,4,6,2023/01/07 06:30,2023/01/07 16:30
55,2,6,11,2023/01/06 18:00,2023/01/07 11:00
56,1,8,6,2023/01/05 12:30,2023/01/05 21:30
57,1,6,3,2023/01/04 01:30,2023/01/04 19:30
58,2,11,4,2023/01/03 14:30,2023/01/03 20:30
==========
From,To,Moving time
1,1,0
1,2,210
1,3,90
1,4,120
1,5,120
1,6,90
1,7,210
1,8,180
1,9,240
1,10,120
1,11,270
2,1,210
2,2,0
2,3,120
2,4,60
2,5,210
2,6,210
2,7,180
2,8,270
2,9,180
2,10,210
2,11,180
3,1,90
3,2,120
3,3,0
3,4,120
3,5,150
3,6,90
3,7,240
3,8,150
3,9,270
3,10,90
3,11,90
4,1,120
4,2,60
4,3,120
4,4,0
4,5,90
4,6,180
4,7,180
4,8,270
4,9,270
4,10,210
4,11,150
5,1,120
5,2,210
5,3,150
5,4,90
5,5,0
5,6,240
5,7,180
5,8,150
5,9,60
5,10,180
5,11,210
6,1,90
6,2,210
6,3,90
6,4,180
6,5,240
6,6,0
6,7,90
6,8,90
6,9,270
6,10,210
6,11,180
7,1,210
7,2,180
7,3,240
7,4,180
7,5,180
7,6,90
7,7,0
7,8,60
7,9,150
7,10,180
7,11,90
8,1,180
8,2,270
8,3,150
8,4,270
8,5,150
8,6,90
8,7,60
8,8,0
8,9,270
8,10,180
8,11,210
9,1,240
9,2,180
9,3,270
9,4,270
9,5,60
9,6,270
9,7,150
9,8,270
9,9,0
9,10,180
9,11,180
10,1,120
10,2,210
10,3,90
10,4,210
10,5,180
10,6,210
10,7,180
10,8,180
10,9,180
10,10,0
10,11,270
11,1,270
11,2,180
11,3,90
11,4,150
11,5,210
11,6,180
11,7,90
11,8,210
11,9,180
11,10,270
11,11,0
==========
