n_S,n_C,n_L,n_K,n_D,B
11,30,3,58,10,1580
==========
Car ID,Level,Initial station
1,1,4
2,1,8
3,1,6
4,1,3
5,1,6
6,1,4
7,1,4
8,1,10
9,1,5
10,1,1
11,1,3
12,1,3
13,2,11
14,2,11
15,2,1
16,2,11
17,2,6
18,2,10
19,2,4
20,2,5
21,2,1
22,2,2
23,3,11
24,3,8
25,3,9
26,3,11
27,3,11
28,3,11
29,3,2
30,3,10
==========
Car level,Hour rate
1,190
2,440
3,1080
==========
Order ID,Level,Pick-up station,Return station,Pick-up time,Return time
1,1,6,9,2023/01/08 03:00,2023/01/08 13:00
2,1,4,11,2023/01/02 01:00,2023/01/02 18:00
3,1,3,8,2023/01/06 20:00,2023/01/07 07:00
4,1,1,4,2023/01/03 04:30,2023/01/03 19:30
5,1,4,1,2023/01/02 15:30,2023/01/03 07:30
6,1,7,5,2023/01/08 02:00,2023/01/08 11:00
7,1,3,3,2023/01/08 04:30,2023/01/08 13:30
8,2,1,6,2023/01/07 10:00,2023/01/07 17:00
9,1,6,8,2023/01/01 12:30,2023/01/01 22:30
10,3,6,11,2023/01/05 01:00,2023/01/05 05:00
11,1,8,6,2023/01/01 05:30,2023/01/01 20:30
12,1,4,1,2023/01/06 09:30,2023/01/07 03:30
13,1,6,10,2023/01/09 15:30,2023/01/09 21:30
14,1,8,2,2023/01/04 12:30,2023/01/04 21:30
15,1,6,5,2023/01/08 23:00,2023/01/09 03:00
16,1,5,5,2023/01/02 11:30,2023/01/02 12:30
17,1,2,11,2023/01/10 12:00,2023/01/10 15:00
18,2,11,11,2023/01/04 20:30,2023/01/05 09:30
19,1,9,9,2023/01/07 09:00,2023/01/07 14:00
20,1,7,2,2023/01/08 21:00,2023/01/09 00:00
21,3,7,11,2023/01/04 19:00,2023/01/04 20:00
22,1,7,2,2023/01/09 08:30,2023/01/09 13:30
23,1,2,9,2023/01/06 08:30,2023/01/07 01:30
24,2,9,4,2023/01/02 08:30,2023/01/02 09:30
25,1,1,11,2023/01/01 21:30,2023/01/02 07:30
26,1,5,8,2023/01/08 17:30,2023/01/09 06:30
27,1,1,2,2023/01/10 05:00,2023/01/10 08:00
28,2,8,9,2023/01/06 16:00,2023/01/06 23:00
29,1,9,6,2023/01/09 06:30,2023/01/09 17:30
30,1,7,6,2023/01/08 11:00,2023/01/08 16:00
31,1,7,10,2023/01/02 02:00,2023/01/02 07:00
32,1,7,11,2023/01/10 14:30,2023/01/10 18:30
33,1,4,4,2023/01/04 20:00,2023/01/05 09:00
34,1,5,1,2023/01/07 03:00,2023/01/07 19:00
35,1,2,11,2023/01/07 01:30,2023/01/07 12:30
36,1,3,8,2023/01/04 17:00,2023/01/05 06:00
37,1,10,5,2023/01/02 17:00,2023/01/02 22:00
38,1,6,10,2023/01/03 00:00,2023/01/03 01:00
39,1,7,3,2023/01/03 15:30,2023/01/04 04:30
40,1,8,1,2023/01/08 04:30,2023/01/08 18:30
41,1,6,1,2023/01/02 18:30,2023/01/03 08:30
42,3,9,2,2023/01/06 00:00,2023/01/06 05:00
43,1,7,8,2023/01/04 10:30,2023/01/04 13:30
44,2,10,11,2023/01/03 21:00,2023/01/04 10:00
45,1,5,4,2023/01/06 09:30,2023/01/06 23:30
46,3,4,11,2023/01/03 07:00,2023/01/03 17:00
47,3,6,6,2023/01/03 07:30,2023/01/04 01:30
48,1,3,7,2023/01/04 02:30,2023/01/04 08:30
49,2,10,2,2023/01/04 01:00,2023/01/04 10:00
50,1,8,2,2023/01/03 23:30,2023/01/04 06:30
51,3,10,1,2023/01/02 15:30,2023/01/03 02:30
52,2,2,7,2023/01/09 12:00,2023/01/09 21:00
53,1,7,7,2023/01/07 01:30,2023/01/07 02:30
54,1,2,4,2023/01/04 13:00,2023/01/04 15:00
55,1,11,11,2023/01/09 05:30,2023/01/09 22:30
56,1,10,3,2023/01/01 22:00,2023/01/02 01:00
57,2,8,3,2023/01/09 08:00,2023/01/09 10:00
58,1,8,1,2023/01/06 12:00,2023/01/07 05:00
==========
From,To,Moving time
1,1,0
1,2,150
1,3,120
1,4,270
1,5,270
1,6,60
1,7,60
1,8,270
1,9,180
1,10,210
1,11,90
2,1,150
2,2,0
2,3,210
2,4,240
2,5,240
2,6,150
2,7,90
2,8,210
2,9,150
2,10,90
2,11,210
3,1,120
3,2,210
3,3,0
3,4,120
3,5,120
3,6,180
3,7,270
3,8,150
3,9,180
3,10,180
3,11,120
4,1,270
4,2,240
4,3,120
4,4,0
4,5,270
4,6,270
4,7,90
4,8,240
4,9,150
4,10,210
4,11,210
5,1,270
5,2,240
5,3,120
5,4,270
5,5,0
5,6,240
5,7,60
5,8,180
5,9,180
5,10,210
5,11,120
6,1,60
6,2,150
6,3,180
6,4,270
6,5,240
6,6,0
6,7,180
6,8,270
6,9,180
6,10,210
6,11,240
7,1,60
7,2,90
7,3,270
7,4,90
7,5,60
7,6,180
7,7,0
7,8,120
7,9,60
7,10,90
7,11,210
8,1,270
8,2,210
8,3,150
8,4,240
8,5,180
8,6,270
8,7,120
8,8,0
8,9,180
8,10,240
8,11,180
9,1,180
9,2,150
9,3,180
9,4,150
9,5,180
9,6,180
9,7,60
9,8,180
9,9,0
9,10,240
9,11,60
10,1,210
10,2,90
10,3,180
10,4,210
10,5,210
10,6,210
10,7,90
10,8,240
10,9,240
10,10,0
10,11,270
11,1,90
11,2,210
11,3,120
11,4,210
11,5,120
11,6,240
11,7,210
11,8,180
11,9,60
11,10,270
11,11,0
==========
