n_S,n_C,n_L,n_K,n_D,B
11,30,3,58,10,1580
==========
Car ID,Level,Initial station
1,1,5
2,1,10
3,1,6
4,1,8
5,1,7
6,1,6
7,1,5
8,1,7
9,1,5
10,1,8
11,1,5
12,1,8
13,2,3
14,2,8
15,2,9
16,2,9
17,2,3
18,2,11
19,2,8
20,2,10
21,2,3
22,2,6
23,3,1
24,3,2
25,3,1
26,3,8
27,3,7
28,3,7
29,3,8
30,3,5
==========
Car level,Hour rate
1,190
2,440
3,1080
==========
Order ID,Level,Pick-up station,Return station,Pick-up time,Return time
1,3,3,6,2023/01/06 10:30,2023/01/06 23:30
2,1,3,6,2023/01/01 15:00,2023/01/01 21:00
3,2,3,7,2023/01/04 00:00,2023/01/04 17:00
4,1,4,8,2023/01/04 14:00,2023/01/05 04:00
5,3,6,2,2023/01/06 05:30,2023/01/06 13:30
6,1,1,6,2023/01/03 13:30,2023/01/03 14:30
7,1,5,5,2023/01/04 02:00,2023/01/04 12:00
8,2,5,7,2023/01/04 21:00,2023/01/05 10:00
9,3,10,1,2023/01/02 12:30,2023/01/03 04:30
10,2,2,9,2023/01/07 20:30,2023/01/08 04:30
11,1,9,7,2023/01/09 02:30,2023/01/09 10:30
12,2,2,7,2023/01/07 09:30,2023/01/07 13:30
13,2,4,6,2023/01/07 04:00,2023/01/07 22:00
14,1,4,1,2023/01/02 21:00,2023/01/03 13:00
15,1,7,10,2023/01/04 19:00,2023/01/05 02:00
16,1,2,7,2023/01/04 15:00,2023/01/04 20:00
17,2,3,8,2023/01/02 12:30,2023/01/03 00:30
18,1,10,2,2023/01/07 21:30,2023/01/08 09:30
19,1,6,9,2023/01/05 10:30,2023/01/05 23:30
20,2,8,10,2023/01/07 17:00,2023/01/08 11:00
21,3,11,9,2023/01/02 22:30,2023/01/03 13:30
22,1,11,11,2023/01/10 10:00,2023/01/10 13:00
23,2,2,3,2023/01/04 18:00,2023/01/05 00:00
24,2,11,8,2023/01/09 08:30,2023/01/09 14:30
25,3,11,3,2023/01/10 19:00,2023/01/10 20:00
26,1,4,9,2023/01/04 23:30,2023/01/05 12:30
27,2,7,4,2023/01/09 16:30,2023/01/10 06:30
28,1,11,6,2023/01/08 13:30,2023/01/09 02:30
29,1,8,8,2023/01/09 06:30,2023/01/09 14:30
30,1,5,4,2023/01/06 07:00,2023/01/06 15:00
31,1,5,9,2023/01/10 05:30,2023/01/10 21:30
32,1,5,2,2023/01/04 16:00,2023/01/05 03:00
33,1,1,5,2023/01/05 17:30,2023/01/06 06:30
34,2,7,8,2023/01/09 09:30,2023/01/10 02:30
35,1,1,2,2023/01/10 12:30,2023/01/10 20:30
36,2,9,6,2023/01/07 01:30,2023/01/07 15:30
37,3,4,4,2023/01/08 15:00,2023/01/09 09:00
38,1,9,8,2023/01/09 22:00,2023/01/10 11:00
39,2,10,4,2023/01/01 21:00,2023/01/02 01:00
40,2,5,3,2023/01/08 16:00,2023/01/09 04:00
41,3,7,9,2023/01/04 10:00,2023/01/04 16:00
42,2,9,2,2023/01/08 13:00,2023/01/09 00:00
43,3,5,10,2023/01/08 15:30,2023/01/09 05:30
44,1,9,2,2023/01/05 18:30,2023/01/06 06:30
45,1,5,3,2023/01/07 15:30,2023/01/08 05:30
46,2,1,2,2023/01/01 11:00,2023/01/02 03:00
47,1,2,10,2023/01/01 07:30,2023/01/01 18:30
48,1,5,9,2023/01/04 15:00,2023/01/04 20:00
49,1,4,11,2023/01/05 04:00,2023/01/05 11:00
50,3,6,3,2023/01/09 15:00,2023/01/10 00:00
51,1,8,8,2023/01/05 03:00,2023/01/05 13:00
52,2,10,8,2023/01/08 16:00,2023/01/08 20:00
53,1,8,3,2023/01/01 18:00,2023/01/02 00:00
54,2,11,6,2023/01/06 08:00,2023/01/06 19:00
55,1,6,7,2023/01/05 12:00,2023/01/05 19:00
56,1,8,9,2023/01/05 17:30,2023/01/05 19:30
57,1,9,4,2023/01/08 13:00,2023/01/08 23:00
58,1,8,4,2023/01/06 03:30,2023/01/06 12:30
==========
From,To,Moving time
1,1,0
1,2,120
1,3,120
1,4,180
1,5,60
1,6,150
1,7,150
1,8,60
1,9,150
1,10,270
1,11,150
2,1,120
2,2,0
2,3,90
2,4,60
2,5,240
2,6,180
2,7,120
2,8,150
2,9,60
2,10,270
2,11,60
3,1,120
3,2,90
3,3,0
3,4,270
3,5,60
3,6,120
3,7,120
3,8,150
3,9,180
3,10,150
3,11,210
4,1,180
4,2,60
4,3,270
4,4,0
4,5,90
4,6,210
4,7,210
4,8,60
4,9,90
4,10,270
4,11,270
5,1,60
5,2,240
5,3,60
5,4,90
5,5,0
5,6,120
5,7,150
5,8,150
5,9,150
5,10,150
5,11,60
6,1,150
6,2,180
6,3,120
6,4,210
6,5,120
6,6,0
6,7,120
6,8,150
6,9,270
6,10,90
6,11,210
7,1,150
7,2,120
7,3,120
7,4,210
7,5,150
7,6,120
7,7,0
7,8,150
7,9,270
7,10,150
7,11,210
8,1,60
8,2,150
8,3,150
8,4,60
8,5,150
8,6,150
8,7,150
8,8,0
8,9,180
8,10,90
8,11,120
9,1,150
9,2,60
9,3,180
9,4,90
9,5,150
9,6,270
9,7,270
9,8,180
9,9,0
9,10,270
9,11,210
10,1,270
10,2,270
10,3,150
10,4,270
10,5,150
10,6,90
10,7,150
10,8,90
10,9,270
10,10,0
10,11,270
11,1,150
11,2,60
11,3,210
11,4,270
11,5,60
11,6,210
11,7,210
11,8,120
11,9,210
11,10,270
11,11,0
==========
