n_S,n_C,n_L,n_K,n_D,B
11,30,3,58,10,1580
==========
Car ID,Level,Initial station
1,1,6
2,1,7
3,1,11
4,1,8
5,1,7
6,1,9
7,1,3
8,1,3
9,1,4
10,1,6
11,1,4
12,1,11
13,2,3
14,2,2
15,2,4
16,2,6
17,2,4
18,2,6
19,2,9
20,2,3
21,2,10
22,2,2
23,3,5
24,3,11
25,3,8
26,3,11
27,3,6
28,3,4
29,3,6
30,3,11
==========
Car level,Hour rate
1,190
2,440
3,1080
==========
Order ID,Level,Pick-up station,Return station,Pick-up time,Return time
1,1,7,8,2023/01/09 13:30,2023/01/09 18:30
2,1,2,10,2023/01/01 15:30,2023/01/02 09:30
3,1,9,4,2023/01/06 17:00,2023/01/06 21:00
4,2,11,8,2023/01/08 13:00,2023/01/08 22:00
5,2,10,9,2023/01/05 09:30,2023/01/06 02:30
6,2,2,5,2023/01/06 12:00,2023/01/07 06:00
7,1,7,3,2023/01/06 04:00,2023/01/06 19:00
8,1,7,1,2023/01/03 06:00,2023/01/03 13:00
9,1,7,5,2023/01/06 20:30,2023/01/07 06:30
10,1,6,9,2023/01/08 08:30,2023/01/08 17:30
11,1,2,9,2023/01/09 20:00,2023/01/10 01:00
12,2,7,1,2023/01/10 20:30,2023/01/10 21:30
13,2,4,11,2023/01/09 13:30,2023/01/09 16:30
14,1,1,2,2023/01/09 19:30,2023/01/10 08:30
15,3,10,5,2023/01/09 23:30,2023/01/10 11:30
16,1,2,3,2023/01/08 20:00,2023/01/09 07:00
17,1,5,2,2023/01/02 13:00,2023/01/02 16:00
18,2,1,9,2023/01/01 10:30,2023/01/01 11:30
19,1,8,9,2023/01/08 20:00,2023/01/09 03:00
20,3,3,3,2023/01/01 05:00,2023/01/01 13:00
21,1,8,2,2023/01/10 14:00,2023/01/10 19:00
22,1,1,7,2023/01/06 02:00,2023/01/06 07:00
23,1,11,10,2023/01/08 00:00,2023/01/08 05:00
24,1,2,9,2023/01/03 22:30,2023/01/04 16:30
25,3,2,6,2023/01/07 09:30,2023/01/07 11:30
26,1,11,8,2023/01/09 04:30,2023/01/09 06:30
27,1,4,4,2023/01/03 21:30,2023/01/04 02:30
28,1,9,7,2023/01/01 05:30,2023/01/01 16:30
29,2,9,7,2023/01/05 15:30,2023/01/06 01:30
30,2,9,11,2023/01/06 03:00,2023/01/06 15:00
31,2,3,5,2023/01/09 09:30,2023/01/09 12:30
32,2,8,8,2023/01/02 08:30,2023/01/02 18:30
33,1,9,9,2023/01/02 22:30,2023/01/03 08:30
34,1,11,2,2023/01/04 07:30,2023/01/04 08:30
35,2,2,4,2023/01/07 23:30,2023/01/08 04:30
36,1,2,6,2023/01/06 03:30,2023/01/06 17:30
37,2,11,7,2023/01/03 15:30,2023/01/03 20:30
38,1,3,1,2023/01/09 19:30,2023/01/10 01:30
39,2,11,1,2023/01/03 18:30,2023/01/04 05:30
40,2,5,10,2023/01/06 10:00,2023/01/06 17:00
41,1,1,11,2023/01/08 15:30,2023/01/08 23:30
42,3,1,1,2023/01/05 03:00,2023/01/05 10:00
43,1,5,8,2023/01/10 05:00,2023/01/10 11:00
44,1,1,8,2023/01/04 02:00,2023/01/04 09:00
45,1,9,6,2023/01/04 23:00,2023/01/05 00:00
46,1,9,3,2023/01/08 20:00,2023/01/08 23:00
47,1,10,6,2023/01/03 07:30,2023/01/03 21:30
48,1,5,7,2023/01/09 04:30,2023/01/09 09:30
49,1,3,7,2023/01/08 22:00,2023/01/09 15:00
50,1,10,11,2023/01/10 00:30,2023/01/10 13:30
51,1,3,4,2023/01/02 09:30,2023/01/02 22:30
52,1,1,3,2023/01/05 05:30,2023/01/05 16:30
53,1,7,3,2023/01/02 00:00,2023/01/02 15:00
54,3,9,8,2023/01/05 21:00,2023/01/06 04:00
55,2,2,9,2023/01/08 22:00,2023/01/09 02:00
56,1,1,3,2023/01/03 18:00,2023/01/04 03:00
57,1,5,4,2023/01/01 23:30,2023/01/02 12:30
58,1,10,6,2023/01/03 10:00,2023/01/03 11:00
==========
From,To,Moving time
1,1,0
1,2,120
1,3,60
1,4,210
1,5,150
1,6,210
1,7,180
1,8,60
1,9,60
1,10,60
1,11,60
2,1,120
2,2,0
2,3,60
2,4,210
2,5,210
2,6,60
2,7,270
2,8,210
2,9,240
2,10,240
2,11,180
3,1,60
3,2,60
3,3,0
3,4,150
3,5,180
3,6,150
3,7,270
3,8,240
3,9,150
3,10,210
3,11,180
4,1,210
4,2,210
4,3,150
4,4,0
4,5,150
4,6,150
4,7,60
4,8,90
4,9,90
4,10,210
4,11,270
5,1,150
5,2,210
5,3,180
5,4,150
5,5,0
5,6,60
5,7,270
5,8,210
5,9,180
5,10,210
5,11,150
6,1,210
6,2,60
6,3,150
6,4,150
6,5,60
6,6,0
6,7,60
6,8,90
6,9,210
6,10,270
6,11,210
7,1,180
7,2,270
7,3,270
7,4,60
7,5,270
7,6,60
7,7,0
7,8,120
7,9,180
7,10,60
7,11,180
8,1,60
8,2,210
8,3,240
8,4,90
8,5,210
8,6,90
8,7,120
8,8,0
8,9,120
8,10,210
8,11,90
9,1,60
9,2,240
9,3,150
9,4,90
9,5,180
9,6,210
9,7,180
9,8,120
9,9,0
9,10,210
9,11,240
10,1,60
10,2,240
10,3,210
10,4,210
10,5,210
10,6,270
10,7,60
10,8,210
10,9,210
10,10,0
10,11,90
11,1,60
11,2,180
11,3,180
11,4,270
11,5,150
11,6,210
11,7,180
11,8,90
11,9,240
11,10,90
11,11,0
==========
