n_S,n_C,n_L,n_K,n_D,B
11,30,3,58,10,1580
==========
Car ID,Level,Initial station
1,1,1
2,1,10
3,1,3
4,1,6
5,1,4
6,1,2
7,1,6
8,1,1
9,1,7
10,1,5
11,1,11
12,1,4
13,2,6
14,2,11
15,2,4
16,2,7
17,2,9
18,2,3
19,2,11
20,2,5
21,2,6
22,2,2
23,3,1
24,3,1
25,3,5
26,3,6
27,3,5
28,3,4
29,3,8
30,3,1
==========
Car level,Hour rate
1,190
2,440
3,1080
==========
Order ID,Level,Pick-up station,Return station,Pick-up time,Return time
1,1,6,6,2023/01/06 04:30,2023/01/06 20:30
2,2,3,5,2023/01/01 11:30,2023/01/02 00:30
3,1,9,7,2023/01/03 02:00,2023/01/03 07:00
4,1,10,11,2023/01/07 17:30,2023/01/08 07:30
5,1,11,2,2023/01/06 03:00,2023/01/06 21:00
6,1,5,1,2023/01/03 12:00,2023/01/03 21:00
7,1,5,9,2023/01/09 16:30,2023/01/10 00:30
8,3,6,5,2023/01/05 21:30,2023/01/06 15:30
9,2,7,9,2023/01/05 03:30,2023/01/05 17:30
10,1,6,2,2023/01/06 18:00,2023/01/06 22:00
11,1,9,1,2023/01/08 16:30,2023/01/08 17:30
12,1,3,5,2023/01/09 12:30,2023/01/09 19:30
13,1,5,1,2023/01/03 05:30,2023/01/03 13:30
14,1,10,5,2023/01/07 23:00,2023/01/08 08:00
15,1,4,3,2023/01/09 01:00,2023/01/09 12:00
16,1,3,5,2023/01/09 20:00,2023/01/10 04:00
17,1,1,7,2023/01/09 14:30,2023/01/10 08:30
18,1,8,11,2023/01/04 01:30,2023/01/04 15:30
19,1,9,6,2023/01/03 07:00,2023/01/03 19:00
20,1,9,7,2023/01/02 19:30,2023/01/03 06:30
21,1,3,8,2023/01/09 23:30,2023/01/10 03:30
22,1,10,2,2023/01/09 23:00,2023/01/10 09:00
23,2,4,7,2023/01/03 07:00,2023/01/03 16:00
24,1,3,6,2023/01/09 21:30,2023/01/10 05:30
25,1,4,6,2023/01/04 10:30,2023/01/04 21:30
26,1,3,5,2023/01/03 09:00,2023/01/03 14:00
27,1,8,7,2023/01/06 19:30,2023/01/06 22:30
28,1,10,4,2023/01/08 12:00,2023/01/09 01:00
29,2,3,7,2023/01/03 15:00,2023/01/04 03:00
30,2,9,11,2023/01/03 22:00,2023/01/04 09:00
31,2,6,2,2023/01/07 17:00,2023/01/08 09:00
32,1,4,7,2023/01/09 15:30,2023/01/09 23:30
33,1,6,9,2023/01/01 00:30,2023/01/01 13:30
34,3,2,9,2023/01/08 13:00,2023/01/08 22:00
35,3,2,9,2023/01/03 02:30,2023/01/03 17:30
36,1,6,5,2023/01/02 21:00,2023/01/03 07:00
37,1,2,6,2023/01/05 18:30,2023/01/06 09:30
38,1,10,2,2023/01/06 08:00,2023/01/06 15:00
39,1,4,1,2023/01/04 17:30,2023/01/04 18:30
40,1,6,7,2023/01/02 17:00,2023/01/02 21:00
41,2,7,3,2023/01/05 01:30,2023/01/05 14:30
42,1,10,7,2023/01/10 17:00,2023/01/10 22:00
43,1,9,6,2023/01/08 20:30,2023/01/09 14:30
44,2,3,5,2023/01/05 22:30,2023/01/06 13:30
45,1,2,4,2023/01/08 18:30,2023/01/09 01:30
46,1,10,5,2023/01/04 01:30,2023/01/04 14:30
47,1,6,3,2023/01/05 07:30,2023/01/06 01:30
48,1,7,8,2023/01/01 20:30,2023/01/02 02:30
49,1,2,8,2023/01/05 22:00,2023/01/06 05:00
50,1,5,11,2023/01/09 10:30,2023/01/09 13:30
51,1,10,1,2023/01/01 01:30,2023/01/01 12:30
52,1,1,1,2023/01/03 08:30,2023/01/03 13:30
53,1,9,8,2023/01/03 22:30,2023/01/04 03:30
54,1,10,4,2023/01/05 01:30,2023/01/05 03:30
55,1,9,10,2023/01/03 19:00,2023/01/04 03:00
56,1,8,9,2023/01/06 04:00,2023/01/06 13:00
57,2,1,11,2023/01/02 20:30,2023/01/03 14:30
58,1,2,8,2023/01/10 09:30,2023/01/10 17:30
==========
From,To,Moving time
1,1,0
1,2,270
1,3,60
1,4,240
1,5,240
1,6,270
1,7,90
1,8,240
1,9,270
1,10,150
1,11,270
2,1,270
2,2,0
2,3,60
2,4,210
2,5,270
2,6,90
2,7,90
2,8,240
2,9,120
2,10,150
2,11,240
3,1,60
3,2,60
3,3,0
3,4,270
3,5,180
3,6,150
3,7,270
3,8,240
3,9,270
3,10,180
3,11,270
4,1,240
4,2,210
4,3,270
4,4,0
4,5,120
4,6,240
4,7,270
4,8,180
4,9,150
4,10,60
4,11,210
5,1,240
5,2,270
5,3,180
5,4,120
5,5,0
5,6,180
5,7,180
5,8,180
5,9,180
5,10,120
5,11,60
6,1,270
6,2,90
6,3,150
6,4,240
6,5,180
6,6,0
6,7,120
6,8,120
6,9,210
6,10,90
6,11,90
7,1,90
7,2,90
7,3,270
7,4,270
7,5,180
7,6,120
7,7,0
7,8,90
7,9,270
7,10,60
7,11,270
8,1,240
8,2,240
8,3,240
8,4,180
8,5,180
8,6,120
8,7,90
8,8,0
8,9,210
8,10,210
8,11,90
9,1,270
9,2,120
9,3,270
9,4,150
9,5,180
9,6,210
9,7,270
9,8,210
9,9,0
9,10,270
9,11,210
10,1,150
10,2,150
10,3,180
10,4,60
10,5,120
10,6,90
10,7,60
10,8,210
10,9,270
10,10,0
10,11,150
11,1,270
11,2,240
11,3,270
11,4,210
11,5,60
11,6,90
11,7,270
11,8,90
11,9,210
11,10,150
11,11,0
==========
