n_S,n_C,n_L,n_K,n_D,B
11,30,3,58,10,1580
==========
Car ID,Level,Initial station
1,1,5
2,1,1
3,1,10
4,1,8
5,1,11
6,1,6
7,1,10
8,1,1
9,1,11
10,1,10
11,1,11
12,1,8
13,2,7
14,2,9
15,2,7
16,2,8
17,2,6
18,2,11
19,2,5
20,2,3
21,2,1
22,2,8
23,3,1
24,3,4
25,3,1
26,3,11
27,3,1
28,3,11
29,3,1
30,3,10
==========
Car level,Hour rate
1,190
2,440
3,1080
==========
Order ID,Level,Pick-up station,Return station,Pick-up time,Return time
1,1,7,2,2023/01/02 02:30,2023/01/02 12:30
2,1,5,7,2023/01/02 14:30,2023/01/03 04:30
3,1,5,11,2023/01/05 20:30,2023/01/06 10:30
4,1,9,7,2023/01/06 03:30,2023/01/06 04:30
5,2,8,10,2023/01/07 12:00,2023/01/08 01:00
6,3,2,5,2023/01/04 11:30,2023/01/05 03:30
7,1,4,9,2023/01/04 07:30,2023/01/04 23:30
8,1,2,10,2023/01/01 04:30,2023/01/01 06:30
9,1,11,8,2023/01/01 10:00,2023/01/01 22:00
10,1,4,8,2023/01/05 02:30,2023/01/05 06:30
11,2,6,8,2023/01/03 08:30,2023/01/04 01:30
12,2,4,5,2023/01/04 17:30,2023/01/05 06:30
13,1,4,6,2023/01/08 14:30,2023/01/09 02:30
14,1,1,10,2023/01/04 19:00,2023/01/05 10:00
15,1,7,6,2023/01/02 20:30,2023/01/02 21:30
16,2,10,2,2023/01/03 13:30,2023/01/04 02:30
17,1,1,8,2023/01/03 08:00,2023/01/03 17:00
18,1,8,11,2023/01/03 17:30,2023/01/04 06:30
19,2,7,6,2023/01/01 00:00,2023/01/01 16:00
20,3,6,6,2023/01/08 10:00,2023/01/09 01:00
21,2,9,4,2023/01/02 05:00,2023/01/02 18:00
22,1,7,7,2023/01/06 00:00,2023/01/06 09:00
23,1,2,4,2023/01/06 13:00,2023/01/06 21:00
24,2,1,1,2023/01/06 11:30,2023/01/06 12:30
25,3,10,5,2023/01/07 15:00,2023/01/08 09:00
26,1,1,1,2023/01/07 02:30,2023/01/07 11:30
27,1,6,8,2023/01/06 09:30,2023/01/06 21:30
28,3,9,11,2023/01/02 01:30,2023/01/02 18:30
29,1,6,10,2023/01/07 11:30,2023/01/07 20:30
30,1,8,3,2023/01/05 22:00,2023/01/06 01:00
31,1,3,8,2023/01/03 05:30,2023/01/03 07:30
32,2,5,1,2023/01/02 07:30,2023/01/02 15:30
33,1,6,5,2023/01/03 03:00,2023/01/03 20:00
34,1,9,7,2023/01/06 05:00,2023/01/06 15:00
35,1,6,3,2023/01/03 02:00,2023/01/03 04:00
36,1,7,9,2023/01/05 02:00,2023/01/05 05:00
37,1,9,11,2023/01/01 17:30,2023/01/01 23:30
38,1,8,2,2023/01/07 03:30,2023/01/07 21:30
39,1,4,11,2023/01/01 12:00,2023/01/02 00:00
40,1,3,7,2023/01/10 09:30,2023/01/10 16:30
41,1,4,8,2023/01/05 05:00,2023/01/05 22:00
42,3,11,9,2023/01/04 17:30,2023/01/05 02:30
43,3,10,5,2023/01/06 21:00,2023/01/07 15:00
44,1,2,11,2023/01/02 02:00,2023/01/02 05:00
45,1,4,2,2023/01/05 19:00,2023/01/06 04:00
46,2,2,1,2023/01/05 18:00,2023/01/05 22:00
47,1,2,8,2023/01/01 04:30,2023/01/01 14:30
48,1,8,1,2023/01/07 00:30,2023/01/07 04:30
49,1,10,7,2023/01/05 12:30,2023/01/06 00:30
50,2,2,3,2023/01/03 10:30,2023/01/03 22:30
51,1,4,4,2023/01/01 12:00,2023/01/01 22:00
52,2,5,9,2023/01/06 10:00,2023/01/07 03:00
53,2,1,9,2023/01/09 16:30,2023/01/10 09:30
54,1,10,1,2023/01/02 12:30,2023/01/03 01:30
55,1,10,1,2023/01/08 10:30,2023/01/08 20:30
56,3,5,5,2023/01/09 19:00,2023/01/10 06:00
57,3,11,3,2023/01/07 09:30,2023/01/07 10:30
58,1,5,1,2023/01/08 15:30,2023/01/08 17:30
==========
From,To,Moving time
1,1,0
1,2,90
1,3,240
1,4,210
1,5,150
1,6,240
1,7,270
1,8,240
1,9,270
1,10,120
1,11,90
2,1,90
2,2,0
2,3,180
2,4,60
2,5,210
2,6,120
2,7,120
2,8,60
2,9,120
2,10,120
2,11,180
3,1,240
3,2,180
3,3,0
3,4,120
3,5,120
3,6,240
3,7,120
3,8,60
3,9,240
3,10,210
3,11,180
4,1,210
4,2,60
4,3,120
4,4,0
4,5,210
4,6,180
4,7,270
4,8,210
4,9,150
4,10,210
4,11,120
5,1,150
5,2,210
5,3,120
5,4,210
5,5,0
5,6,120
5,7,60
5,8,120
5,9,90
5,10,240
5,11,240
6,1,240
6,2,120
6,3,240
6,4,180
6,5,120
6,6,0
6,7,150
6,8,90
6,9,120
6,10,90
6,11,60
7,1,270
7,2,120
7,3,120
7,4,270
7,5,60
7,6,150
7,7,0
7,8,180
7,9,90
7,10,210
7,11,240
8,1,240
8,2,60
8,3,60
8,4,210
8,5,120
8,6,90
8,7,180
8,8,0
8,9,240
8,10,120
8,11,240
9,1,270
9,2,120
9,3,240
9,4,150
9,5,90
9,6,120
9,7,90
9,8,240
9,9,0
9,10,270
9,11,90
10,1,120
10,2,120
10,3,210
10,4,210
10,5,240
10,6,90
10,7,210
10,8,120
10,9,270
10,10,0
10,11,90
11,1,90
11,2,180
11,3,180
11,4,120
11,5,240
11,6,60
11,7,240
11,8,240
11,9,90
11,10,90
11,11,0
==========
