n_S,n_C,n_L,n_K,n_D,B
11,30,3,58,10,1580
==========
Car ID,Level,Initial station
1,1,6
2,1,9
3,1,8
4,1,7
5,1,7
6,1,7
7,1,7
8,1,6
9,1,9
10,1,5
11,1,3
12,1,4
13,2,2
14,2,6
15,2,8
16,2,11
17,2,4
18,2,6
19,2,6
20,2,3
21,2,7
22,2,10
23,3,3
24,3,8
25,3,7
26,3,1
27,3,2
28,3,9
29,3,6
30,3,1
==========
Car level,Hour rate
1,190
2,440
3,1080
==========
Order ID,Level,Pick-up station,Return station,Pick-up time,Return time
1,1,10,11,2023/01/03 09:00,2023/01/03 21:00
2,1,9,5,2023/01/04 14:00,2023/01/05 03:00
3,2,6,3,2023/01/04 07:00,2023/01/04 13:00
4,3,8,4,2023/01/07 09:00,2023/01/07 23:00
5,2,9,4,2023/01/09 12:00,2023/01/09 20:00
6,1,1,7,2023/01/08 10:30,2023/01/08 14:30
7,1,8,7,2023/01/04 19:00,2023/01/05 08:00
8,1,3,1,2023/01/07 14:00,2023/01/08 06:00
9,3,3,8,2023/01/09 03:30,2023/01/09 09:30
10,1,11,1,2023/01/09 06:00,2023/01/09 07:00
11,2,8,9,2023/01/06 03:30,2023/01/06 08:30
12,2,2,5,2023/01/05 04:30,2023/01/05 07:30
13,2,7,7,2023/01/08 04:30,2023/01/08 11:30
14,1,3,3,2023/01/01 12:30,2023/01/01 18:30
15,2,7,2,2023/01/02 23:30,2023/01/03 02:30
16,1,10,1,2023/01/03 20:30,2023/01/03 21:30
17,2,9,10,2023/01/04 02:00,2023/01/04 06:00
18,2,10,9,2023/01/02 05:00,2023/01/02 10:00
19,1,10,9,2023/01/01 17:30,2023/01/02 06:30
20,1,3,5,2023/01/01 23:30,2023/01/02 15:30
21,2,11,7,2023/01/01 00:00,2023/01/01 03:00
22,1,8,5,2023/01/07 13:00,2023/01/07 21:00
23,2,11,10,2023/01/03 08:30,2023/01/03 22:30
24,1,1,6,2023/01/03 18:30,2023/01/04 00:30
25,3,11,5,2023/01/05 06:00,2023/01/05 23:00
26,3,6,8,2023/01/08 16:30,2023/01/08 18:30
27,1,3,4,2023/01/04 20:00,2023/01/04 21:00
28,1,8,11,2023/01/09 05:00,2023/01/09 11:00
29,1,11,9,2023/01/04 23:00,2023/01/05 13:00
30,1,7,10,2023/01/03 15:30,2023/01/04 08:30
31,1,5,2,2023/01/01 14:30,2023/01/01 15:30
32,1,10,1,2023/01/08 10:00,2023/01/08 18:00
33,1,4,2,2023/01/02 07:00,2023/01/02 14:00
34,1,2,4,2023/01/06 11:00,2023/01/06 21:00
35,1,2,10,2023/01/10 03:00,2023/01/10 05:00
36,1,10,6,2023/01/10 16:30,2023/01/10 17:30
37,1,1,8,2023/01/05 22:30,2023/01/06 15:30
38,1,10,10,2023/01/04 09:30,2023/01/04 21:30
39,1,10,7,2023/01/04 07:30,2023/01/04 22:30
40,1,8,8,2023/01/01 01:30,2023/01/01 17:30
41,1,1,9,2023/01/07 00:00,2023/01/07 06:00
42,1,7,6,2023/01/07 04:00,2023/01/07 08:00
43,1,5,6,2023/01/06 22:30,2023/01/07 15:30
44,3,8,9,2023/01/03 01:30,2023/01/03 11:30
45,2,10,7,2023/01/04 13:00,2023/01/04 19:00
46,1,4,4,2023/01/03 02:30,2023/01/03 07:30
47,1,5,10,2023/01/09 05:30,2023/01/09 09:30
48,1,4,11,2023/01/09 03:00,2023/01/09 10:00
49,2,4,8,2023/01/05 05:00,2023/01/05 19:00
50,2,3,9,2023/01/04 15:00,2023/01/05 05:00
51,1,5,2,2023/01/04 15:30,2023/01/05 00:30
52,1,6,10,2023/01/03 18:30,2023/01/04 03:30
53,2,9,2,2023/01/02 09:30,2023/01/02 10:30
54,1,3,7,2023/01/02 22:00,2023/01/03 06:00
55,3,4,1,2023/01/03 14:30,2023/01/04 05:30
56,1,5,8,2023/01/06 06:00,2023/01/06 19:00
57,1,8,10,2023/01/05 10:00,2023/01/05 15:00
58,2,3,5,2023/01/10 11:00,2023/01/11 00:00
==========
From,To,Moving time
1,1,0
1,2,60
1,3,270
1,4,180
1,5,210
1,6,210
1,7,120
1,8,270
1,9,90
1,10,270
1,11,90
2,1,60
2,2,0
2,3,150
2,4,210
2,5,240
2,6,240
2,7,240
2,8,180
2,9,270
2,10,210
2,11,120
3,1,270
3,2,150
3,3,0
3,4,60
3,5,180
3,6,210
3,7,210
3,8,210
3,9,180
3,10,240
3,11,60
4,1,180
4,2,210
4,3,60
4,4,0
4,5,120
4,6,240
4,7,120
4,8,240
4,9,270
4,10,240
4,11,240
5,1,210
5,2,240
5,3,180
5,4,120
5,5,0
5,6,60
5,7,210
5,8,120
5,9,270
5,10,120
5,11,60
6,1,210
6,2,240
6,3,210
6,4,240
6,5,60
6,6,0
6,7,120
6,8,90
6,9,90
6,10,150
6,11,120
7,1,120
7,2,240
7,3,210
7,4,120
7,5,210
7,6,120
7,7,0
7,8,210
7,9,90
7,10,180
7,11,120
8,1,270
8,2,180
8,3,210
8,4,240
8,5,120
8,6,90
8,7,210
8,8,0
8,9,180
8,10,240
8,11,90
9,1,90
9,2,270
9,3,180
9,4,270
9,5,270
9,6,90
9,7,90
9,8,180
9,9,0
9,10,60
9,11,60
10,1,270
10,2,210
10,3,240
10,4,240
10,5,120
10,6,150
10,7,180
10,8,240
10,9,60
10,10,0
10,11,150
11,1,90
11,2,120
11,3,60
11,4,240
11,5,60
11,6,120
11,7,120
11,8,90
11,9,60
11,10,150
11,11,0
==========
