n_S,n_C,n_L,n_K,n_D,B
11,30,3,58,10,1580
==========
Car ID,Level,Initial station
1,1,1
2,1,6
3,1,4
4,1,11
5,1,11
6,1,6
7,1,5
8,1,9
9,1,1
10,1,8
11,1,6
12,1,7
13,2,3
14,2,7
15,2,2
16,2,4
17,2,1
18,2,5
19,2,7
20,2,6
21,2,8
22,2,3
23,3,9
24,3,9
25,3,7
26,3,5
27,3,7
28,3,7
29,3,11
30,3,7
==========
Car level,Hour rate
1,190
2,440
3,1080
==========
Order ID,Level,Pick-up station,Return station,Pick-up time,Return time
1,1,8,4,2023/01/06 06:30,2023/01/06 07:30
2,3,3,11,2023/01/05 08:00,2023/01/05 18:00
3,3,9,4,2023/01/02 14:30,2023/01/03 08:30
4,1,5,10,2023/01/03 16:30,2023/01/03 18:30
5,1,4,2,2023/01/03 12:30,2023/01/03 22:30
6,1,7,9,2023/01/04 03:00,2023/01/04 11:00
7,1,5,3,2023/01/10 07:30,2023/01/10 23:30
8,1,7,5,2023/01/07 22:30,2023/01/08 05:30
9,2,11,5,2023/01/05 07:00,2023/01/05 17:00
10,1,1,4,2023/01/09 19:30,2023/01/09 22:30
11,1,3,7,2023/01/03 04:00,2023/01/03 06:00
12,3,2,2,2023/01/05 05:00,2023/01/05 21:00
13,1,3,4,2023/01/07 19:00,2023/01/07 21:00
14,2,10,11,2023/01/07 01:30,2023/01/07 13:30
15,2,9,8,2023/01/04 23:30,2023/01/05 10:30
16,3,11,8,2023/01/06 01:30,2023/01/06 18:30
17,2,6,10,2023/01/09 05:00,2023/01/09 12:00
18,3,1,8,2023/01/03 17:30,2023/01/04 05:30
19,1,6,7,2023/01/09 03:00,2023/01/09 07:00
20,3,8,9,2023/01/07 09:00,2023/01/07 12:00
21,1,7,4,2023/01/08 23:30,2023/01/09 16:30
22,1,10,9,2023/01/07 07:00,2023/01/07 08:00
23,1,3,7,2023/01/09 04:30,2023/01/09 05:30
24,2,5,1,2023/01/01 05:30,2023/01/01 21:30
25,1,11,6,2023/01/08 02:00,2023/01/08 03:00
26,1,6,9,2023/01/02 01:00,2023/01/02 13:00
27,1,1,6,2023/01/01 01:00,2023/01/01 10:00
28,1,8,8,2023/01/08 17:30,2023/01/08 18:30
29,1,11,11,2023/01/02 07:00,2023/01/02 23:00
30,1,3,10,2023/01/03 04:00,2023/01/03 20:00
31,1,6,6,2023/01/02 20:30,2023/01/03 08:30
32,1,9,5,2023/01/05 03:00,2023/01/05 19:00
33,2,10,11,2023/01/07 02:00,2023/01/07 16:00
34,1,8,2,2023/01/08 11:30,2023/01/09 04:30
35,2,1,3,2023/01/01 09:30,2023/01/02 03:30
36,2,6,11,2023/01/05 06:00,2023/01/05 10:00
37,2,1,5,2023/01/04 08:30,2023/01/04 20:30
38,2,1,5,2023/01/10 11:30,2023/01/10 19:30
39,1,2,6,2023/01/01 13:30,2023/01/02 03:30
40,2,1,6,2023/01/03 02:00,2023/01/03 05:00
41,1,9,8,2023/01/09 02:30,2023/01/09 11:30
42,2,11,8,2023/01/07 15:00,2023/01/07 16:00
43,1,4,11,2023/01/01 20:30,2023/01/02 01:30
44,1,1,8,2023/01/02 00:30,2023/01/02 01:30
45,2,6,9,2023/01/06 06:30,2023/01/06 07:30
46,1,2,4,2023/01/09 01:00,2023/01/09 12:00
47,1,9,10,2023/01/09 04:00,2023/01/09 11:00
48,3,9,10,2023/01/09 14:30,2023/01/09 22:30
49,2,9,6,2023/01/09 16:30,2023/01/09 21:30
50,3,2,1,2023/01/03 16:30,2023/01/04 03:30
51,3,10,1,2023/01/01 21:00,2023/01/02 04:00
52,2,3,11,2023/01/01 21:30,2023/01/02 03:30
53,2,1,9,2023/01/05 03:30,2023/01/05 05:30
54,1,6,11,2023/01/01 00:00,2023/01/01 04:00
55,1,6,8,2023/01/09 03:00,2023/01/09 17:00
56,1,7,11,2023/01/02 23:00,2023/01/03 17:00
57,1,5,5,2023/01/03 07:30,2023/01/03 23:30
58,3,11,4,2023/01/05 02:00,2023/01/05 19:00
==========
From,To,Moving time
1,1,0
1,2,150
1,3,60
1,4,60
1,5,60
1,6,120
1,7,120
1,8,60
1,9,180
1,10,120
1,11,210
2,1,150
2,2,0
2,3,60
2,4,120
2,5,270
2,6,120
2,7,180
2,8,90
2,9,180
2,10,60
2,11,240
3,1,60
3,2,60
3,3,0
3,4,240
3,5,150
3,6,150
3,7,60
3,8,210
3,9,90
3,10,210
3,11,180
4,1,60
4,2,120
4,3,240
4,4,0
4,5,60
4,6,150
4,7,60
4,8,180
4,9,180
4,10,180
4,11,120
5,1,60
5,2,270
5,3,150
5,4,60
5,5,0
5,6,150
5,7,90
5,8,240
5,9,240
5,10,240
5,11,240
6,1,120
6,2,120
6,3,150
6,4,150
6,5,150
6,6,0
6,7,60
6,8,240
6,9,240
6,10,150
6,11,90
7,1,120
7,2,180
7,3,60
7,4,60
7,5,90
7,6,60
7,7,0
7,8,180
7,9,150
7,10,90
7,11,150
8,1,60
8,2,90
8,3,210
8,4,180
8,5,240
8,6,240
8,7,180
8,8,0
8,9,210
8,10,60
8,11,150
9,1,180
9,2,180
9,3,90
9,4,180
9,5,240
9,6,240
9,7,150
9,8,210
9,9,0
9,10,210
9,11,240
10,1,120
10,2,60
10,3,210
10,4,180
10,5,240
10,6,150
10,7,90
10,8,60
10,9,210
10,10,0
10,11,90
11,1,210
11,2,240
11,3,180
11,4,120
11,5,240
11,6,90
11,7,150
11,8,150
11,9,240
11,10,90
11,11,0
==========
