n_S,n_C,n_L,n_K,n_D,B
11,30,3,58,10,1580
==========
Car ID,Level,Initial station
1,1,7
2,1,3
3,1,6
4,1,3
5,1,8
6,1,7
7,1,4
8,1,7
9,1,1
10,1,6
11,1,10
12,1,8
13,2,9
14,2,9
15,2,6
16,2,8
17,2,2
18,2,7
19,2,8
20,2,11
21,2,10
22,2,11
23,3,3
24,3,3
25,3,2
26,3,8
27,3,2
28,3,8
29,3,9
30,3,6
==========
Car level,Hour rate
1,190
2,440
3,1080
==========
Order ID,Level,Pick-up station,Return station,Pick-up time,Return time
1,2,9,5,2023/01/04 18:30,2023/01/05 05:30
2,2,2,10,2023/01/01 23:00,2023/01/02 15:00
3,1,6,1,2023/01/01 09:00,2023/01/01 10:00
4,1,3,4,2023/01/09 05:00,2023/01/09 22:00
5,1,4,2,2023/01/02 00:30,2023/01/02 04:30
6,2,7,2,2023/01/07 14:30,2023/01/08 03:30
7,1,3,2,2023/01/05 05:00,2023/01/05 14:00
8,1,5,6,2023/01/06 03:00,2023/01/06 21:00
9,1,3,3,2023/01/01 23:30,2023/01/02 12:30
10,1,5,10,2023/01/09 20:30,2023/01/10 06:30
11,2,9,10,2023/01/09 11:30,2023/01/09 12:30
12,1,10,1,2023/01/09 23:30,2023/01/10 13:30
13,2,7,10,2023/01/05 01:00,2023/01/05 18:00
14,1,7,8,2023/01/08 16:00,2023/01/09 09:00
15,1,2,4,2023/01/02 06:00,2023/01/02 18:00
16,1,4,7,2023/01/03 08:00,2023/01/03 19:00
17,1,1,1,2023/01/10 04:30,2023/01/10 19:30
18,1,6,10,2023/01/05 15:00,2023/01/06 04:00
19,2,4,11,2023/01/06 23:00,2023/01/07 02:00
20,1,6,2,2023/01/07 05:30,2023/01/07 20:30
21,1,7,3,2023/01/05 18:30,2023/01/05 21:30
22,1,10,7,2023/01/03 20:30,2023/01/04 12:30
23,3,9,4,2023/01/01 01:00,2023/01/01 15:00
24,1,9,4,2023/01/04 04:30,2023/01/04 16:30
25,1,7,6,2023/01/07 08:30,2023/01/07 19:30
26,1,2,11,2023/01/05 05:30,2023/01/05 18:30
27,1,5,7,2023/01/05 04:00,2023/01/05 20:00
28,1,9,9,2023/01/06 11:00,2023/01/06 18:00
29,2,4,6,2023/01/09 03:00,2023/01/09 21:00
30,2,2,3,2023/01/04 22:00,2023/01/05 01:00
31,1,8,10,2023/01/08 06:30,2023/01/08 09:30
32,2,2,11,2023/01/07 15:30,2023/01/07 22:30
33,1,1,2,2023/01/02 16:00,2023/01/03 00:00
34,1,5,8,2023/01/10 05:00,2023/01/10 14:00
35,3,4,11,2023/01/04 05:30,2023/01/04 09:30
36,2,2,9,2023/01/08 08:30,2023/01/08 14:30
37,3,7,2,2023/01/01 05:00,2023/01/01 17:00
38,1,6,8,2023/01/06 00:30,2023/01/06 13:30
39,1,4,1,2023/01/02 13:30,2023/01/02 18:30
40,1,10,4,2023/01/02 02:00,2023/01/02 07:00
41,1,6,7,2023/01/10 13:00,2023/01/10 20:00
42,2,1,6,2023/01/08 15:30,2023/01/09 03:30
43,1,3,2,2023/01/09 13:30,2023/01/10 02:30
44,1,10,4,2023/01/02 14:00,2023/01/02 23:00
45,2,8,6,2023/01/06 09:30,2023/01/06 20:30
46,2,6,1,2023/01/07 15:30,2023/01/07 22:30
47,3,10,7,2023/01/03 15:00,2023/01/04 09:00
48,1,9,6,2023/01/04 15:30,2023/01/05 01:30
49,2,10,9,2023/01/07 15:30,2023/01/08 02:30
50,1,6,2,2023/01/03 10:30,2023/01/03 16:30
51,1,5,2,2023/01/05 21:00,2023/01/06 07:00
52,1,9,11,2023/01/10 03:30,2023/01/10 05:30
53,1,7,2,2023/01/08 05:00,2023/01/08 13:00
54,1,4,2,2023/01/03 03:30,2023/01/03 08:30
55,3,6,7,2023/01/10 05:00,2023/01/10 08:00
56,3,1,8,2023/01/09 12:00,2023/01/09 17:00
57,3,7,7,2023/01/10 20:30,2023/01/10 22:30
58,1,3,3,2023/01/08 17:00,2023/01/08 19:00
==========
From,To,Moving time
1,1,0
1,2,120
1,3,180
1,4,240
1,5,150
1,6,240
1,7,180
1,8,60
1,9,60
1,10,210
1,11,180
2,1,120
2,2,0
2,3,240
2,4,60
2,5,210
2,6,210
2,7,90
2,8,180
2,9,90
2,10,180
2,11,210
3,1,180
3,2,240
3,3,0
3,4,180
3,5,210
3,6,210
3,7,240
3,8,210
3,9,60
3,10,150
3,11,180
4,1,240
4,2,60
4,3,180
4,4,0
4,5,150
4,6,270
4,7,90
4,8,120
4,9,120
4,10,60
4,11,180
5,1,150
5,2,210
5,3,210
5,4,150
5,5,0
5,6,270
5,7,150
5,8,180
5,9,90
5,10,120
5,11,270
6,1,240
6,2,210
6,3,210
6,4,270
6,5,270
6,6,0
6,7,150
6,8,210
6,9,120
6,10,210
6,11,120
7,1,180
7,2,90
7,3,240
7,4,90
7,5,150
7,6,150
7,7,0
7,8,60
7,9,270
7,10,270
7,11,210
8,1,60
8,2,180
8,3,210
8,4,120
8,5,180
8,6,210
8,7,60
8,8,0
8,9,270
8,10,240
8,11,150
9,1,60
9,2,90
9,3,60
9,4,120
9,5,90
9,6,120
9,7,270
9,8,270
9,9,0
9,10,150
9,11,180
10,1,210
10,2,180
10,3,150
10,4,60
10,5,120
10,6,210
10,7,270
10,8,240
10,9,150
10,10,0
10,11,240
11,1,180
11,2,210
11,3,180
11,4,180
11,5,270
11,6,120
11,7,210
11,8,150
11,9,180
11,10,240
11,11,0
==========
