n_S,n_C,n_L,n_K,n_D,B
11,30,3,58,10,1580
==========
Car ID,Level,Initial station
1,1,2
2,1,3
3,1,6
4,1,3
5,1,10
6,1,10
7,1,5
8,1,6
9,1,11
10,1,6
11,1,11
12,1,8
13,2,7
14,2,3
15,2,4
16,2,2
17,2,5
18,2,11
19,2,7
20,2,3
21,2,4
22,2,2
23,3,9
24,3,3
25,3,11
26,3,11
27,3,9
28,3,3
29,3,4
30,3,7
==========
Car level,Hour rate
1,190
2,440
3,1080
==========
Order ID,Level,Pick-up station,Return station,Pick-up time,Return time
1,2,1,7,2023/01/06 16:30,2023/01/06 19:30
2,1,9,1,2023/01/04 05:30,2023/01/04 18:30
3,3,1,2,2023/01/01 03:30,2023/01/01 12:30
4,3,2,2,2023/01/03 07:00,2023/01/04 01:00
5,2,1,11,2023/01/03 03:00,2023/01/03 15:00
6,2,1,11,2023/01/04 19:00,2023/01/05 07:00
7,3,2,11,2023/01/06 11:00,2023/01/06 21:00
8,3,1,7,2023/01/02 17:30,2023/01/03 06:30
9,1,7,11,2023/01/05 22:00,2023/01/06 02:00
10,3,8,11,2023/01/07 00:30,2023/01/07 06:30
11,2,4,8,2023/01/02 23:00,2023/01/03 02:00
12,3,1,1,2023/01/09 16:30,2023/01/10 06:30
13,1,10,2,2023/01/05 20:00,2023/01/06 04:00
14,1,4,1,2023/01/04 04:00,2023/01/04 17:00
15,3,8,11,2023/01/05 01:00,2023/01/05 06:00
16,3,1,11,2023/01/09 07:30,2023/01/09 13:30
17,3,9,3,2023/01/03 10:30,2023/01/03 12:30
18,3,8,3,2023/01/05 00:00,2023/01/05 10:00
19,3,7,11,2023/01/03 10:00,2023/01/03 23:00
20,2,4,11,2023/01/08 14:00,2023/01/08 15:00
21,2,5,5,2023/01/01 13:30,2023/01/01 21:30
22,2,11,2,2023/01/05 19:30,2023/01/06 05:30
23,1,5,7,2023/01/09 19:00,2023/01/10 13:00
24,1,4,7,2023/01/06 01:00,2023/01/06 17:00
25,1,1,11,2023/01/01 02:30,2023/01/01 05:30
26,1,8,3,2023/01/05 07:00,2023/01/05 09:00
27,3,9,10,2023/01/07 20:30,2023/01/08 03:30
28,1,1,11,2023/01/02 00:00,2023/01/02 15:00
29,1,11,9,2023/01/04 13:30,2023/01/05 04:30
30,3,5,10,2023/01/05 13:30,2023/01/06 07:30
31,3,1,11,2023/01/05 19:30,2023/01/06 08:30
32,1,1,11,2023/01/06 13:00,2023/01/07 01:00
33,3,10,11,2023/01/10 00:00,2023/01/10 05:00
34,2,8,11,2023/01/05 14:00,2023/01/05 23:00
35,1,3,9,2023/01/02 10:30,2023/01/02 15:30
36,2,1,10,2023/01/06 04:00,2023/01/06 16:00
37,3,9,3,2023/01/08 05:00,2023/01/08 13:00
38,2,5,10,2023/01/07 15:00,2023/01/08 01:00
39,3,2,1,2023/01/04 16:00,2023/01/05 00:00
40,3,4,7,2023/01/07 05:00,2023/01/07 14:00
41,1,3,11,2023/01/07 14:00,2023/01/07 16:00
42,2,11,11,2023/01/07 15:00,2023/01/07 20:00
43,3,1,7,2023/01/04 05:30,2023/01/04 12:30
44,1,1,11,2023/01/02 19:30,2023/01/02 22:30
45,1,3,11,2023/01/09 22:00,2023/01/10 15:00
46,2,1,7,2023/01/08 19:30,2023/01/09 11:30
47,1,4,1,2023/01/09 02:00,2023/01/09 19:00
48,1,7,11,2023/01/07 12:30,2023/01/08 00:30
49,2,11,5,2023/01/04 20:00,2023/01/05 03:00
50,1,1,7,2023/01/07 18:30,2023/01/08 05:30
51,3,7,11,2023/01/05 09:30,2023/01/05 18:30
52,2,1,7,2023/01/10 04:00,2023/01/10 07:00
53,2,1,2,2023/01/04 08:00,2023/01/04 17:00
54,3,4,11,2023/01/01 03:30,2023/01/01 21:30
55,1,1,11,2023/01/01 09:00,2023/01/02 02:00
56,3,1,11,2023/01/01 03:30,2023/01/01 05:30
57,3,3,9,2023/01/05 13:30,2023/01/06 06:30
58,2,1,6,2023/01/04 11:30,2023/01/04 12:30
==========
From,To,Moving time
1,1,0
1,2,240
1,3,210
1,4,210
1,5,270
1,6,270
1,7,60
1,8,150
1,9,150
1,10,150
1,11,240
2,1,240
2,2,0
2,3,180
2,4,210
2,5,270
2,6,90
2,7,60
2,8,150
2,9,150
2,10,120
2,11,240
3,1,210
3,2,180
3,3,0
3,4,180
3,5,240
3,6,270
3,7,90
3,8,150
3,9,60
3,10,120
3,11,210
4,1,210
4,2,210
4,3,180
4,4,0
4,5,240
4,6,60
4,7,240
4,8,210
4,9,150
4,10,150
4,11,120
5,1,270
5,2,270
5,3,240
5,4,240
5,5,0
5,6,270
5,7,60
5,8,210
5,9,210
5,10,180
5,11,90
6,1,270
6,2,90
6,3,270
6,4,60
6,5,270
6,6,0
6,7,270
6,8,270
6,9,150
6,10,150
6,11,270
7,1,60
7,2,60
7,3,90
7,4,240
7,5,60
7,6,270
7,7,0
7,8,90
7,9,60
7,10,270
7,11,210
8,1,150
8,2,150
8,3,150
8,4,210
8,5,210
8,6,270
8,7,90
8,8,0
8,9,240
8,10,150
8,11,150
9,1,150
9,2,150
9,3,60
9,4,150
9,5,210
9,6,150
9,7,60
9,8,240
9,9,0
9,10,180
9,11,240
10,1,150
10,2,120
10,3,120
10,4,150
10,5,180
10,6,150
10,7,270
10,8,150
10,9,180
10,10,0
10,11,240
11,1,240
11,2,240
11,3,210
11,4,120
11,5,90
11,6,270
11,7,210
11,8,150
11,9,240
11,10,240
11,11,0
==========
