n_S,n_C,n_L,n_K,n_D,B
11,30,3,58,10,1580
==========
Car ID,Level,Initial station
1,1,11
2,1,1
3,1,10
4,1,5
5,1,8
6,1,5
7,1,8
8,1,4
9,1,11
10,1,2
11,1,4
12,1,4
13,2,9
14,2,4
15,2,2
16,2,7
17,2,3
18,2,10
19,2,9
20,2,5
21,2,6
22,2,2
23,3,2
24,3,6
25,3,11
26,3,3
27,3,3
28,3,11
29,3,4
30,3,5
==========
Car level,Hour rate
1,190
2,440
3,1080
==========
Order ID,Level,Pick-up station,Return station,Pick-up time,Return time
1,2,3,11,2023/01/03 07:00,2023/01/03 21:00
2,3,2,11,2023/01/07 23:30,2023/01/08 15:30
3,1,1,8,2023/01/10 15:00,2023/01/10 18:00
4,1,6,11,2023/01/04 05:00,2023/01/04 13:00
5,1,1,3,2023/01/05 18:30,2023/01/06 05:30
6,1,1,5,2023/01/01 06:30,2023/01/01 13:30
7,2,1,6,2023/01/03 11:00,2023/01/04 02:00
8,1,7,6,2023/01/02 21:30,2023/01/03 08:30
9,1,1,10,2023/01/04 05:30,2023/01/04 18:30
10,2,11,2,2023/01/05 05:30,2023/01/05 20:30
11,2,1,1,2023/01/04 10:30,2023/01/05 04:30
12,2,5,5,2023/01/07 07:30,2023/01/07 13:30
13,1,3,4,2023/01/10 02:00,2023/01/10 12:00
14,2,1,6,2023/01/05 08:00,2023/01/05 16:00
15,2,1,11,2023/01/06 09:30,2023/01/06 18:30
16,2,1,11,2023/01/07 21:30,2023/01/08 14:30
17,2,1,9,2023/01/04 19:00,2023/01/05 04:00
18,3,2,6,2023/01/01 09:30,2023/01/01 17:30
19,3,11,11,2023/01/03 23:00,2023/01/04 10:00
20,1,1,7,2023/01/03 04:30,2023/01/03 21:30
21,1,9,11,2023/01/05 08:00,2023/01/05 19:00
22,3,1,10,2023/01/02 19:30,2023/01/03 03:30
23,2,2,6,2023/01/06 11:30,2023/01/06 19:30
24,1,9,7,2023/01/04 17:30,2023/01/04 21:30
25,1,5,9,2023/01/01 19:00,2023/01/02 05:00
26,3,9,1,2023/01/05 14:30,2023/01/05 22:30
27,2,1,10,2023/01/06 23:30,2023/01/07 16:30
28,2,4,8,2023/01/06 02:30,2023/01/06 08:30
29,2,9,11,2023/01/04 15:30,2023/01/04 22:30
30,2,6,10,2023/01/09 04:30,2023/01/09 09:30
31,1,8,11,2023/01/10 15:00,2023/01/10 16:00
32,3,1,11,2023/01/10 01:00,2023/01/10 16:00
33,1,1,2,2023/01/01 19:30,2023/01/02 13:30
34,1,1,11,2023/01/02 02:30,2023/01/02 14:30
35,1,1,5,2023/01/04 14:30,2023/01/04 21:30
36,3,1,11,2023/01/09 14:30,2023/01/09 15:30
37,1,7,2,2023/01/07 19:00,2023/01/08 07:00
38,3,6,4,2023/01/03 10:00,2023/01/03 12:00
39,2,1,11,2023/01/07 18:30,2023/01/08 00:30
40,1,7,11,2023/01/01 21:30,2023/01/02 13:30
41,1,11,5,2023/01/10 02:00,2023/01/10 12:00
42,3,6,2,2023/01/02 05:00,2023/01/02 12:00
43,3,1,6,2023/01/08 08:30,2023/01/08 18:30
44,2,6,7,2023/01/04 18:00,2023/01/05 10:00
45,2,1,11,2023/01/02 03:00,2023/01/02 04:00
46,1,10,11,2023/01/05 05:30,2023/01/05 08:30
47,3,3,11,2023/01/09 13:00,2023/01/10 05:00
48,1,1,3,2023/01/03 10:00,2023/01/04 02:00
49,2,11,1,2023/01/05 07:00,2023/01/05 22:00
50,3,1,11,2023/01/02 11:30,2023/01/02 22:30
51,1,1,11,2023/01/06 14:30,2023/01/07 07:30
52,2,3,6,2023/01/06 03:00,2023/01/06 16:00
53,1,5,11,2023/01/03 02:00,2023/01/03 19:00
54,3,1,3,2023/01/07 13:00,2023/01/08 03:00
55,1,7,11,2023/01/07 04:00,2023/01/07 15:00
56,2,9,2,2023/01/08 17:00,2023/01/08 19:00
57,1,1,2,2023/01/02 10:00,2023/01/03 02:00
58,3,5,7,2023/01/06 00:00,2023/01/06 15:00
==========
From,To,Moving time
1,1,0
1,2,210
1,3,120
1,4,90
1,5,180
1,6,60
1,7,150
1,8,90
1,9,120
1,10,210
1,11,240
2,1,210
2,2,0
2,3,240
2,4,180
2,5,270
2,6,150
2,7,180
2,8,120
2,9,60
2,10,120
2,11,60
3,1,120
3,2,240
3,3,0
3,4,90
3,5,120
3,6,180
3,7,150
3,8,60
3,9,240
3,10,270
3,11,210
4,1,90
4,2,180
4,3,90
4,4,0
4,5,180
4,6,60
4,7,150
4,8,150
4,9,90
4,10,90
4,11,90
5,1,180
5,2,270
5,3,120
5,4,180
5,5,0
5,6,120
5,7,60
5,8,120
5,9,120
5,10,180
5,11,60
6,1,60
6,2,150
6,3,180
6,4,60
6,5,120
6,6,0
6,7,90
6,8,120
6,9,150
6,10,180
6,11,90
7,1,150
7,2,180
7,3,150
7,4,150
7,5,60
7,6,90
7,7,0
7,8,90
7,9,120
7,10,210
7,11,90
8,1,90
8,2,120
8,3,60
8,4,150
8,5,120
8,6,120
8,7,90
8,8,0
8,9,210
8,10,270
8,11,270
9,1,120
9,2,60
9,3,240
9,4,90
9,5,120
9,6,150
9,7,120
9,8,210
9,9,0
9,10,180
9,11,210
10,1,210
10,2,120
10,3,270
10,4,90
10,5,180
10,6,180
10,7,210
10,8,270
10,9,180
10,10,0
10,11,240
11,1,240
11,2,60
11,3,210
11,4,90
11,5,60
11,6,90
11,7,90
11,8,270
11,9,210
11,10,240
11,11,0
==========
