n_S,n_C,n_L,n_K,n_D,B
11,30,3,58,10,1580
==========
Car ID,Level,Initial station
1,1,8
2,1,10
3,1,11
4,1,11
5,1,6
6,1,4
7,1,6
8,1,2
9,1,9
10,1,1
11,1,1
12,1,5
13,2,8
14,2,8
15,2,7
16,2,3
17,2,7
18,2,9
19,2,4
20,2,7
21,2,1
22,2,3
23,3,2
24,3,3
25,3,8
26,3,1
27,3,5
28,3,11
29,3,10
30,3,1
==========
Car level,Hour rate
1,190
2,440
3,1080
==========
Order ID,Level,Pick-up station,Return station,Pick-up time,Return time
1,2,1,11,2023/01/08 10:00,2023/01/08 13:00
2,2,1,6,2023/01/09 19:00,2023/01/10 08:00
3,3,8,4,2023/01/05 08:30,2023/01/05 21:30
4,3,1,2,2023/01/04 05:30,2023/01/04 08:30
5,3,11,9,2023/01/07 23:00,2023/01/08 03:00
6,2,3,5,2023/01/07 15:30,2023/01/07 22:30
7,1,2,11,2023/01/04 05:00,2023/01/04 13:00
8,2,5,11,2023/01/02 22:00,2023/01/03 13:00
9,3,5,11,2023/01/08 07:30,2023/01/08 19:30
10,3,2,11,2023/01/03 22:00,2023/01/04 14:00
11,1,3,9,2023/01/06 18:00,2023/01/07 06:00
12,3,1,5,2023/01/01 21:00,2023/01/01 23:00
13,2,2,11,2023/01/05 13:00,2023/01/05 23:00
14,3,7,11,2023/01/01 20:30,2023/01/02 06:30
15,3,8,11,2023/01/10 07:00,2023/01/10 21:00
16,3,9,7,2023/01/08 22:30,2023/01/09 16:30
17,1,1,11,2023/01/10 03:00,2023/01/10 04:00
18,2,8,7,2023/01/10 10:30,2023/01/10 22:30
19,1,11,11,2023/01/08 05:30,2023/01/08 21:30
20,3,3,1,2023/01/03 20:30,2023/01/04 02:30
21,1,1,11,2023/01/09 05:30,2023/01/09 21:30
22,2,5,11,2023/01/09 09:00,2023/01/09 11:00
23,1,1,4,2023/01/10 06:00,2023/01/10 13:00
24,2,1,8,2023/01/07 13:00,2023/01/07 19:00
25,3,2,3,2023/01/04 01:30,2023/01/04 10:30
26,2,7,4,2023/01/05 04:00,2023/01/05 05:00
27,1,1,5,2023/01/01 16:30,2023/01/02 01:30
28,3,1,6,2023/01/03 23:30,2023/01/04 06:30
29,1,1,1,2023/01/03 14:00,2023/01/03 21:00
30,3,1,11,2023/01/06 15:00,2023/01/07 05:00
31,3,1,7,2023/01/09 05:30,2023/01/09 19:30
32,3,10,11,2023/01/08 07:00,2023/01/08 14:00
33,3,1,11,2023/01/01 21:30,2023/01/02 07:30
34,1,11,11,2023/01/10 01:30,2023/01/10 09:30
35,3,1,11,2023/01/05 18:30,2023/01/05 19:30
36,1,10,4,2023/01/01 18:00,2023/01/01 22:00
37,3,1,3,2023/01/01 20:00,2023/01/02 13:00
38,3,7,5,2023/01/07 02:30,2023/01/07 16:30
39,1,2,11,2023/01/06 20:30,2023/01/07 10:30
40,2,9,3,2023/01/02 16:00,2023/01/03 07:00
41,3,1,11,2023/01/03 00:30,2023/01/03 01:30
42,3,3,11,2023/01/03 16:30,2023/01/03 23:30
43,2,1,10,2023/01/07 14:30,2023/01/08 07:30
44,3,8,11,2023/01/01 00:30,2023/01/01 06:30
45,3,6,1,2023/01/07 12:30,2023/01/07 22:30
46,2,6,5,2023/01/01 11:30,2023/01/01 20:30
47,3,11,11,2023/01/10 06:00,2023/01/10 14:00
48,1,1,7,2023/01/07 00:30,2023/01/07 08:30
49,3,1,3,2023/01/06 07:30,2023/01/06 22:30
50,1,1,8,2023/01/04 08:30,2023/01/04 16:30
51,1,5,2,2023/01/04 23:30,2023/01/05 09:30
52,1,1,4,2023/01/10 00:00,2023/01/10 09:00
53,2,3,1,2023/01/05 09:00,2023/01/05 10:00
54,3,2,6,2023/01/07 22:30,2023/01/08 05:30
55,3,5,11,2023/01/04 22:30,2023/01/05 08:30
56,1,8,5,2023/01/04 13:00,2023/01/04 17:00
57,3,1,11,2023/01/09 04:30,2023/01/09 16:30
58,3,2,8,2023/01/06 07:00,2023/01/07 00:00
==========
From,To,Moving time
1,1,0
1,2,240
1,3,120
1,4,120
1,5,150
1,6,180
1,7,180
1,8,210
1,9,180
1,10,60
1,11,180
2,1,240
2,2,0
2,3,120
2,4,120
2,5,60
2,6,120
2,7,180
2,8,210
2,9,150
2,10,120
2,11,240
3,1,120
3,2,120
3,3,0
3,4,150
3,5,90
3,6,60
3,7,210
3,8,120
3,9,210
3,10,270
3,11,90
4,1,120
4,2,120
4,3,150
4,4,0
4,5,90
4,6,180
4,7,180
4,8,270
4,9,240
4,10,60
4,11,180
5,1,150
5,2,60
5,3,90
5,4,90
5,5,0
5,6,210
5,7,90
5,8,60
5,9,270
5,10,90
5,11,180
6,1,180
6,2,120
6,3,60
6,4,180
6,5,210
6,6,0
6,7,210
6,8,150
6,9,180
6,10,90
6,11,210
7,1,180
7,2,180
7,3,210
7,4,180
7,5,90
7,6,210
7,7,0
7,8,60
7,9,150
7,10,180
7,11,120
8,1,210
8,2,210
8,3,120
8,4,270
8,5,60
8,6,150
8,7,60
8,8,0
8,9,60
8,10,180
8,11,150
9,1,180
9,2,150
9,3,210
9,4,240
9,5,270
9,6,180
9,7,150
9,8,60
9,9,0
9,10,240
9,11,150
10,1,60
10,2,120
10,3,270
10,4,60
10,5,90
10,6,90
10,7,180
10,8,180
10,9,240
10,10,0
10,11,240
11,1,180
11,2,240
11,3,90
11,4,180
11,5,180
11,6,210
11,7,120
11,8,150
11,9,150
11,10,240
11,11,0
==========
