n_S,n_C,n_L,n_K,n_D,B
11,30,3,58,10,1580
==========
Car ID,Level,Initial station
1,1,4
2,1,1
3,1,3
4,1,7
5,1,11
6,1,6
7,1,5
8,1,10
9,1,5
10,1,10
11,1,10
12,1,1
13,2,6
14,2,6
15,2,2
16,2,3
17,2,11
18,2,6
19,2,10
20,2,6
21,2,7
22,2,3
23,3,8
24,3,3
25,3,4
26,3,11
27,3,4
28,3,6
29,3,9
30,3,6
==========
Car level,Hour rate
1,190
2,440
3,1080
==========
Order ID,Level,Pick-up station,Return station,Pick-up time,Return time
1,3,1,11,2023/01/01 07:00,2023/01/01 08:00
2,3,7,5,2023/01/09 04:00,2023/01/09 07:00
3,2,1,8,2023/01/08 12:00,2023/01/08 14:00
4,1,5,10,2023/01/09 13:00,2023/01/09 23:00
5,1,1,11,2023/01/04 19:00,2023/01/05 08:00
6,1,6,8,2023/01/04 07:00,2023/01/04 10:00
7,1,6,4,2023/01/06 08:30,2023/01/06 10:30
8,1,9,6,2023/01/04 06:00,2023/01/04 09:00
9,1,10,11,2023/01/03 20:30,2023/01/04 10:30
10,3,6,11,2023/01/06 04:30,2023/01/06 06:30
11,3,1,9,2023/01/01 15:00,2023/01/02 00:00
12,3,1,11,2023/01/05 19:00,2023/01/06 11:00
13,1,1,8,2023/01/02 06:30,2023/01/02 23:30
14,2,9,10,2023/01/03 22:00,2023/01/04 01:00
15,3,9,7,2023/01/06 06:00,2023/01/06 15:00
16,1,1,11,2023/01/07 00:00,2023/01/07 08:00
17,1,5,7,2023/01/10 06:00,2023/01/10 07:00
18,3,7,2,2023/01/01 12:30,2023/01/01 22:30
19,1,11,10,2023/01/03 09:30,2023/01/04 02:30
20,3,2,1,2023/01/03 23:00,2023/01/04 15:00
21,2,10,11,2023/01/05 05:00,2023/01/05 23:00
22,2,5,11,2023/01/04 14:00,2023/01/04 17:00
23,3,11,7,2023/01/04 13:30,2023/01/05 07:30
24,1,1,11,2023/01/05 17:00,2023/01/06 01:00
25,2,1,6,2023/01/08 11:00,2023/01/08 15:00
26,2,1,11,2023/01/06 00:30,2023/01/06 17:30
27,3,7,11,2023/01/01 13:00,2023/01/01 21:00
28,2,1,10,2023/01/10 02:00,2023/01/10 05:00
29,3,2,11,2023/01/02 22:30,2023/01/03 12:30
30,3,4,2,2023/01/07 05:00,2023/01/07 13:00
31,1,1,11,2023/01/10 07:00,2023/01/10 18:00
32,1,1,3,2023/01/02 06:30,2023/01/02 07:30
33,2,6,10,2023/01/08 00:30,2023/01/08 12:30
34,3,5,5,2023/01/01 13:30,2023/01/01 14:30
35,2,1,9,2023/01/09 13:30,2023/01/10 07:30
36,1,1,3,2023/01/03 19:00,2023/01/04 07:00
37,2,11,1,2023/01/08 22:00,2023/01/09 02:00
38,1,5,2,2023/01/03 06:30,2023/01/03 12:30
39,3,1,8,2023/01/08 03:30,2023/01/08 20:30
40,3,1,3,2023/01/03 09:30,2023/01/04 03:30
41,2,9,11,2023/01/05 00:00,2023/01/05 06:00
42,2,1,6,2023/01/03 18:00,2023/01/04 11:00
43,1,4,2,2023/01/02 09:00,2023/01/02 23:00
44,2,5,11,2023/01/02 13:00,2023/01/03 06:00
45,3,1,10,2023/01/03 09:30,2023/01/03 17:30
46,1,6,11,2023/01/03 08:00,2023/01/03 10:00
47,2,10,9,2023/01/03 06:30,2023/01/03 12:30
48,3,1,2,2023/01/05 15:00,2023/01/06 06:00
49,3,1,11,2023/01/02 04:00,2023/01/02 22:00
50,2,1,1,2023/01/01 10:30,2023/01/01 22:30
51,3,1,11,2023/01/01 08:30,2023/01/01 11:30
52,1,1,8,2023/01/06 04:00,2023/01/06 15:00
53,3,1,9,2023/01/04 18:00,2023/01/05 12:00
54,1,7,1,2023/01/03 03:00,2023/01/03 05:00
55,1,11,11,2023/01/07 11:30,2023/01/07 18:30
56,2,1,1,2023/01/03 12:30,2023/01/03 13:30
57,1,1,11,2023/01/01 22:00,2023/01/02 00:00
58,1,1,10,2023/01/05 01:30,2023/01/05 12:30
==========
From,To,Moving time
1,1,0
1,2,150
1,3,210
1,4,150
1,5,180
1,6,210
1,7,90
1,8,180
1,9,120
1,10,180
1,11,120
2,1,150
2,2,0
2,3,150
2,4,120
2,5,150
2,6,60
2,7,120
2,8,240
2,9,120
2,10,210
2,11,240
3,1,210
3,2,150
3,3,0
3,4,120
3,5,90
3,6,60
3,7,90
3,8,270
3,9,150
3,10,90
3,11,210
4,1,150
4,2,120
4,3,120
4,4,0
4,5,120
4,6,90
4,7,90
4,8,120
4,9,180
4,10,150
4,11,120
5,1,180
5,2,150
5,3,90
5,4,120
5,5,0
5,6,150
5,7,210
5,8,270
5,9,150
5,10,270
5,11,210
6,1,210
6,2,60
6,3,60
6,4,90
6,5,150
6,6,0
6,7,180
6,8,150
6,9,240
6,10,120
6,11,180
7,1,90
7,2,120
7,3,90
7,4,90
7,5,210
7,6,180
7,7,0
7,8,90
7,9,210
7,10,150
7,11,210
8,1,180
8,2,240
8,3,270
8,4,120
8,5,270
8,6,150
8,7,90
8,8,0
8,9,120
8,10,210
8,11,240
9,1,120
9,2,120
9,3,150
9,4,180
9,5,150
9,6,240
9,7,210
9,8,120
9,9,0
9,10,180
9,11,240
10,1,180
10,2,210
10,3,90
10,4,150
10,5,270
10,6,120
10,7,150
10,8,210
10,9,180
10,10,0
10,11,270
11,1,120
11,2,240
11,3,210
11,4,120
11,5,210
11,6,180
11,7,210
11,8,240
11,9,240
11,10,270
11,11,0
==========
