n_S,n_C,n_L,n_K,n_D,B
11,30,3,58,10,1580
==========
Car ID,Level,Initial station
1,1,4
2,1,1
3,1,6
4,1,10
5,1,10
6,1,3
7,1,5
8,1,6
9,1,11
10,1,1
11,1,8
12,1,1
13,2,5
14,2,5
15,2,2
16,2,8
17,2,5
18,2,9
19,2,8
20,2,1
21,2,10
22,2,7
23,3,8
24,3,10
25,3,7
26,3,10
27,3,9
28,3,7
29,3,5
30,3,3
==========
Car level,Hour rate
1,190
2,440
3,1080
==========
Order ID,Level,Pick-up station,Return station,Pick-up time,Return time
1,2,5,8,2023/01/09 16:00,2023/01/10 06:00
2,1,11,8,2023/01/04 10:00,2023/01/04 15:00
3,3,1,2,2023/01/08 00:00,2023/01/08 04:00
4,2,1,2,2023/01/06 01:00,2023/01/06 03:00
5,3,11,6,2023/01/03 17:30,2023/01/03 22:30
6,1,9,7,2023/01/05 21:30,2023/01/06 08:30
7,1,11,11,2023/01/06 15:00,2023/01/07 02:00
8,2,9,11,2023/01/08 13:00,2023/01/08 17:00
9,2,11,4,2023/01/01 10:00,2023/01/02 00:00
10,1,7,11,2023/01/10 08:30,2023/01/10 22:30
11,3,10,11,2023/01/10 02:30,2023/01/10 15:30
12,1,1,8,2023/01/08 21:00,2023/01/09 06:00
13,3,10,11,2023/01/07 03:00,2023/01/07 10:00
14,3,9,6,2023/01/08 01:30,2023/01/08 17:30
15,1,3,4,2023/01/06 15:30,2023/01/06 23:30
16,3,1,11,2023/01/06 14:00,2023/01/07 02:00
17,3,1,11,2023/01/06 09:00,2023/01/06 21:00
18,1,1,11,2023/01/07 00:00,2023/01/07 15:00
19,3,9,11,2023/01/04 20:30,2023/01/05 12:30
20,2,5,11,2023/01/10 11:30,2023/01/10 21:30
21,2,5,3,2023/01/02 02:00,2023/01/02 12:00
22,2,1,9,2023/01/08 21:00,2023/01/09 00:00
23,3,3,9,2023/01/05 23:00,2023/01/06 11:00
24,2,2,4,2023/01/03 22:30,2023/01/04 05:30
25,1,2,5,2023/01/02 15:00,2023/01/03 04:00
26,3,1,11,2023/01/03 16:30,2023/01/03 20:30
27,1,1,11,2023/01/07 22:30,2023/01/07 23:30
28,1,6,7,2023/01/10 11:00,2023/01/10 12:00
29,1,1,1,2023/01/08 11:30,2023/01/08 20:30
30,2,3,11,2023/01/07 17:00,2023/01/07 23:00
31,2,9,1,2023/01/01 09:30,2023/01/01 10:30
32,1,4,4,2023/01/05 02:00,2023/01/05 03:00
33,3,3,11,2023/01/04 12:00,2023/01/05 04:00
34,3,1,11,2023/01/10 18:30,2023/01/10 19:30
35,1,4,10,2023/01/09 06:00,2023/01/09 12:00
36,1,1,4,2023/01/03 09:30,2023/01/03 21:30
37,3,10,1,2023/01/10 12:00,2023/01/10 16:00
38,2,2,11,2023/01/07 20:00,2023/01/08 05:00
39,3,6,11,2023/01/03 20:00,2023/01/04 12:00
40,3,1,11,2023/01/08 23:30,2023/01/09 02:30
41,1,1,7,2023/01/05 04:00,2023/01/05 10:00
42,1,1,11,2023/01/05 22:30,2023/01/06 01:30
43,2,1,11,2023/01/09 00:30,2023/01/09 09:30
44,3,1,10,2023/01/10 06:00,2023/01/10 18:00
45,3,3,8,2023/01/07 07:30,2023/01/07 23:30
46,2,10,10,2023/01/08 10:30,2023/01/08 16:30
47,3,1,6,2023/01/02 09:00,2023/01/02 21:00
48,1,5,11,2023/01/02 04:30,2023/01/02 06:30
49,2,1,9,2023/01/03 12:30,2023/01/04 02:30
50,1,10,5,2023/01/07 14:30,2023/01/07 22:30
51,1,4,4,2023/01/10 13:00,2023/01/11 00:00
52,1,1,7,2023/01/10 18:00,2023/01/10 20:00
53,1,8,6,2023/01/06 10:30,2023/01/07 02:30
54,2,10,6,2023/01/02 09:00,2023/01/02 11:00
55,2,6,3,2023/01/03 16:00,2023/01/03 17:00
56,3,7,4,2023/01/03 21:30,2023/01/04 14:30
57,1,11,2,2023/01/07 22:00,2023/01/08 01:00
58,1,4,10,2023/01/01 01:00,2023/01/01 08:00
==========
From,To,Moving time
1,1,0
1,2,270
1,3,240
1,4,270
1,5,180
1,6,120
1,7,60
1,8,180
1,9,120
1,10,270
1,11,240
2,1,270
2,2,0
2,3,150
2,4,120
2,5,210
2,6,210
2,7,180
2,8,270
2,9,120
2,10,150
2,11,120
3,1,240
3,2,150
3,3,0
3,4,180
3,5,180
3,6,60
3,7,150
3,8,90
3,9,240
3,10,210
3,11,90
4,1,270
4,2,120
4,3,180
4,4,0
4,5,210
4,6,120
4,7,150
4,8,150
4,9,240
4,10,240
4,11,210
5,1,180
5,2,210
5,3,180
5,4,210
5,5,0
5,6,180
5,7,240
5,8,210
5,9,150
5,10,270
5,11,210
6,1,120
6,2,210
6,3,60
6,4,120
6,5,180
6,6,0
6,7,240
6,8,210
6,9,60
6,10,150
6,11,90
7,1,60
7,2,180
7,3,150
7,4,150
7,5,240
7,6,240
7,7,0
7,8,120
7,9,240
7,10,150
7,11,270
8,1,180
8,2,270
8,3,90
8,4,150
8,5,210
8,6,210
8,7,120
8,8,0
8,9,210
8,10,90
8,11,180
9,1,120
9,2,120
9,3,240
9,4,240
9,5,150
9,6,60
9,7,240
9,8,210
9,9,0
9,10,210
9,11,60
10,1,270
10,2,150
10,3,210
10,4,240
10,5,270
10,6,150
10,7,150
10,8,90
10,9,210
10,10,0
10,11,60
11,1,240
11,2,120
11,3,90
11,4,210
11,5,210
11,6,90
11,7,270
11,8,180
11,9,60
11,10,60
11,11,0
==========
