n_S,n_C,n_L,n_K,n_D,B
11,30,3,58,10,1580
==========
Car ID,Level,Initial station
1,1,7
2,1,7
3,1,7
4,1,6
5,1,10
6,1,8
7,1,7
8,1,3
9,1,6
10,1,5
11,1,10
12,1,10
13,2,9
14,2,5
15,2,2
16,2,3
17,2,11
18,2,1
19,2,7
20,2,4
21,2,7
22,2,8
23,3,10
24,3,9
25,3,1
26,3,10
27,3,7
28,3,6
29,3,11
30,3,10
==========
Car level,Hour rate
1,190
2,440
3,1080
==========
Order ID,Level,Pick-up station,Return station,Pick-up time,Return time
1,1,9,8,2023/01/08 15:00,2023/01/08 22:00
2,2,3,1,2023/01/01 19:30,2023/01/01 22:30
3,2,1,11,2023/01/02 16:00,2023/01/03 10:00
4,2,1,11,2023/01/01 08:00,2023/01/01 11:00
5,3,10,7,2023/01/10 03:30,2023/01/10 20:30
6,1,4,5,2023/01/03 10:00,2023/01/03 17:00
7,1,1,6,2023/01/01 20:00,2023/01/01 22:00
8,2,1,8,2023/01/05 10:00,2023/01/06 01:00
9,3,3,8,2023/01/06 08:00,2023/01/06 09:00
10,1,1,7,2023/01/08 05:00,2023/01/08 15:00
11,3,1,11,2023/01/07 19:00,2023/01/08 10:00
12,2,1,11,2023/01/06 08:30,2023/01/06 10:30
13,3,8,1,2023/01/08 18:30,2023/01/09 05:30
14,3,7,4,2023/01/07 17:30,2023/01/07 18:30
15,3,1,8,2023/01/09 02:00,2023/01/09 15:00
16,2,11,11,2023/01/02 08:30,2023/01/02 16:30
17,2,11,11,2023/01/02 09:30,2023/01/02 13:30
18,3,1,1,2023/01/04 10:30,2023/01/05 01:30
19,1,3,5,2023/01/01 09:30,2023/01/02 03:30
20,1,7,11,2023/01/05 20:30,2023/01/06 00:30
21,1,1,1,2023/01/09 22:00,2023/01/10 10:00
22,1,5,10,2023/01/03 05:30,2023/01/03 20:30
23,2,5,11,2023/01/06 15:30,2023/01/07 02:30
24,1,1,11,2023/01/07 03:00,2023/01/07 11:00
25,3,1,11,2023/01/03 03:00,2023/01/03 16:00
26,2,4,10,2023/01/02 11:30,2023/01/02 13:30
27,3,1,11,2023/01/09 19:00,2023/01/10 13:00
28,3,1,4,2023/01/08 16:00,2023/01/08 18:00
29,1,10,6,2023/01/10 09:30,2023/01/10 13:30
30,1,1,8,2023/01/05 20:30,2023/01/06 05:30
31,3,2,11,2023/01/06 07:30,2023/01/06 14:30
32,3,1,10,2023/01/04 13:30,2023/01/05 05:30
33,2,1,11,2023/01/03 22:00,2023/01/04 08:00
34,2,1,11,2023/01/02 11:30,2023/01/02 12:30
35,1,1,8,2023/01/10 07:00,2023/01/10 15:00
36,3,8,11,2023/01/01 06:30,2023/01/01 20:30
37,1,7,5,2023/01/08 10:00,2023/01/08 23:00
38,3,8,11,2023/01/05 04:30,2023/01/05 14:30
39,3,9,7,2023/01/06 21:00,2023/01/07 13:00
40,3,11,11,2023/01/08 19:30,2023/01/09 02:30
41,2,1,3,2023/01/09 10:00,2023/01/10 03:00
42,1,1,11,2023/01/01 05:30,2023/01/01 11:30
43,1,1,1,2023/01/08 17:30,2023/01/09 00:30
44,1,3,11,2023/01/06 13:00,2023/01/07 04:00
45,2,2,11,2023/01/09 06:00,2023/01/09 10:00
46,1,1,1,2023/01/09 23:00,2023/01/10 04:00
47,3,2,11,2023/01/06 19:00,2023/01/06 22:00
48,2,1,11,2023/01/10 19:00,2023/01/10 23:00
49,3,2,4,2023/01/04 09:00,2023/01/05 02:00
50,3,5,11,2023/01/06 23:30,2023/01/07 03:30
51,1,1,10,2023/01/02 03:30,2023/01/02 04:30
52,3,1,1,2023/01/02 18:00,2023/01/02 21:00
53,2,1,1,2023/01/09 19:30,2023/01/10 00:30
54,3,4,8,2023/01/02 09:00,2023/01/02 10:00
55,2,8,11,2023/01/08 11:30,2023/01/09 03:30
56,3,5,11,2023/01/08 03:30,2023/01/08 16:30
57,1,1,7,2023/01/10 06:30,2023/01/10 10:30
58,2,2,9,2023/01/03 02:00,2023/01/03 12:00
==========
From,To,Moving time
1,1,0
1,2,270
1,3,180
1,4,60
1,5,240
1,6,240
1,7,60
1,8,150
1,9,90
1,10,210
1,11,210
2,1,270
2,2,0
2,3,270
2,4,60
2,5,150
2,6,270
2,7,60
2,8,180
2,9,270
2,10,180
2,11,150
3,1,180
3,2,270
3,3,0
3,4,240
3,5,60
3,6,60
3,7,180
3,8,90
3,9,90
3,10,210
3,11,150
4,1,60
4,2,60
4,3,240
4,4,0
4,5,180
4,6,90
4,7,60
4,8,180
4,9,210
4,10,60
4,11,60
5,1,240
5,2,150
5,3,60
5,4,180
5,5,0
5,6,270
5,7,240
5,8,90
5,9,150
5,10,180
5,11,150
6,1,240
6,2,270
6,3,60
6,4,90
6,5,270
6,6,0
6,7,240
6,8,60
6,9,210
6,10,60
6,11,240
7,1,60
7,2,60
7,3,180
7,4,60
7,5,240
7,6,240
7,7,0
7,8,240
7,9,60
7,10,270
7,11,60
8,1,150
8,2,180
8,3,90
8,4,180
8,5,90
8,6,60
8,7,240
8,8,0
8,9,120
8,10,240
8,11,210
9,1,90
9,2,270
9,3,90
9,4,210
9,5,150
9,6,210
9,7,60
9,8,120
9,9,0
9,10,150
9,11,270
10,1,210
10,2,180
10,3,210
10,4,60
10,5,180
10,6,60
10,7,270
10,8,240
10,9,150
10,10,0
10,11,180
11,1,210
11,2,150
11,3,150
11,4,60
11,5,150
11,6,240
11,7,60
11,8,210
11,9,270
11,10,180
11,11,0
==========
