n_S,n_C,n_L,n_K,n_D,B
11,30,3,58,10,1580
==========
Car ID,Level,Initial station
1,1,6
2,1,8
3,1,1
4,1,4
5,1,11
6,1,11
7,1,8
8,1,2
9,1,7
10,1,11
11,1,10
12,1,3
13,2,8
14,2,6
15,2,5
16,2,4
17,2,7
18,2,6
19,2,1
20,2,6
21,2,4
22,2,1
23,3,3
24,3,9
25,3,11
26,3,7
27,3,6
28,3,11
29,3,3
30,3,1
==========
Car level,Hour rate
1,190
2,440
3,1080
==========
Order ID,Level,Pick-up station,Return station,Pick-up time,Return time
1,3,10,7,2023/01/01 04:00,2023/01/01 19:00
2,1,1,1,2023/01/02 10:00,2023/01/03 00:00
3,2,11,10,2023/01/01 21:30,2023/01/02 15:30
4,3,8,2,2023/01/04 09:00,2023/01/04 15:00
5,1,8,5,2023/01/04 13:30,2023/01/04 19:30
6,1,8,3,2023/01/08 04:30,2023/01/08 11:30
7,2,10,11,2023/01/05 18:30,2023/01/06 09:30
8,1,3,11,2023/01/08 13:30,2023/01/08 19:30
9,2,2,3,2023/01/04 22:30,2023/01/05 01:30
10,2,1,6,2023/01/06 22:30,2023/01/07 03:30
11,3,1,5,2023/01/07 10:30,2023/01/07 19:30
12,2,1,3,2023/01/01 12:30,2023/01/02 06:30
13,1,1,7,2023/01/07 07:30,2023/01/07 10:30
14,3,2,7,2023/01/02 19:00,2023/01/03 08:00
15,1,1,1,2023/01/06 04:00,2023/01/06 11:00
16,1,1,6,2023/01/06 20:30,2023/01/07 03:30
17,1,1,11,2023/01/05 22:00,2023/01/06 07:00
18,3,5,2,2023/01/03 07:30,2023/01/03 23:30
19,3,11,11,2023/01/10 10:00,2023/01/10 14:00
20,3,1,11,2023/01/07 08:00,2023/01/07 15:00
21,2,7,2,2023/01/02 13:00,2023/01/02 15:00
22,3,10,5,2023/01/07 19:30,2023/01/08 08:30
23,1,1,11,2023/01/05 15:00,2023/01/06 09:00
24,2,8,8,2023/01/08 21:00,2023/01/09 05:00
25,3,4,1,2023/01/10 09:00,2023/01/10 15:00
26,1,3,2,2023/01/01 03:00,2023/01/01 11:00
27,3,4,11,2023/01/04 13:30,2023/01/04 18:30
28,1,10,7,2023/01/09 04:30,2023/01/09 18:30
29,2,1,10,2023/01/01 21:30,2023/01/02 04:30
30,1,2,11,2023/01/02 07:30,2023/01/02 19:30
31,1,1,11,2023/01/04 16:30,2023/01/04 22:30
32,3,1,11,2023/01/06 01:30,2023/01/06 04:30
33,2,1,9,2023/01/05 04:30,2023/01/05 05:30
34,1,8,9,2023/01/02 09:00,2023/01/02 14:00
35,3,2,11,2023/01/03 05:00,2023/01/03 22:00
36,1,1,11,2023/01/02 09:30,2023/01/02 22:30
37,2,9,5,2023/01/05 07:00,2023/01/05 15:00
38,2,1,11,2023/01/05 00:00,2023/01/05 02:00
39,1,6,4,2023/01/02 10:30,2023/01/03 00:30
40,2,1,11,2023/01/06 01:30,2023/01/06 15:30
41,3,1,5,2023/01/08 07:30,2023/01/08 15:30
42,1,8,6,2023/01/03 15:30,2023/01/04 00:30
43,2,1,6,2023/01/04 16:30,2023/01/05 02:30
44,1,9,3,2023/01/05 15:00,2023/01/05 23:00
45,3,10,6,2023/01/08 14:30,2023/01/08 19:30
46,2,8,11,2023/01/03 02:30,2023/01/03 05:30
47,2,1,11,2023/01/04 23:00,2023/01/05 04:00
48,1,1,11,2023/01/08 05:30,2023/01/08 07:30
49,3,2,11,2023/01/08 11:00,2023/01/08 13:00
50,2,1,8,2023/01/07 06:30,2023/01/07 08:30
51,2,2,11,2023/01/07 12:00,2023/01/07 16:00
52,1,1,9,2023/01/06 13:00,2023/01/07 07:00
53,3,11,11,2023/01/03 13:30,2023/01/04 06:30
54,3,1,8,2023/01/10 00:00,2023/01/10 12:00
55,1,1,4,2023/01/05 10:30,2023/01/06 03:30
56,3,1,11,2023/01/10 20:00,2023/01/11 00:00
57,3,1,11,2023/01/03 18:30,2023/01/03 19:30
58,3,3,7,2023/01/09 10:30,2023/01/09 23:30
==========
From,To,Moving time
1,1,0
1,2,120
1,3,120
1,4,150
1,5,240
1,6,60
1,7,150
1,8,60
1,9,180
1,10,60
1,11,90
2,1,120
2,2,0
2,3,180
2,4,180
2,5,270
2,6,150
2,7,240
2,8,60
2,9,90
2,10,90
2,11,150
3,1,120
3,2,180
3,3,0
3,4,120
3,5,150
3,6,210
3,7,180
3,8,90
3,9,240
3,10,180
3,11,240
4,1,150
4,2,180
4,3,120
4,4,0
4,5,90
4,6,90
4,7,60
4,8,270
4,9,180
4,10,90
4,11,150
5,1,240
5,2,270
5,3,150
5,4,90
5,5,0
5,6,270
5,7,210
5,8,60
5,9,270
5,10,180
5,11,90
6,1,60
6,2,150
6,3,210
6,4,90
6,5,270
6,6,0
6,7,120
6,8,180
6,9,150
6,10,240
6,11,60
7,1,150
7,2,240
7,3,180
7,4,60
7,5,210
7,6,120
7,7,0
7,8,180
7,9,60
7,10,180
7,11,150
8,1,60
8,2,60
8,3,90
8,4,270
8,5,60
8,6,180
8,7,180
8,8,0
8,9,240
8,10,270
8,11,240
9,1,180
9,2,90
9,3,240
9,4,180
9,5,270
9,6,150
9,7,60
9,8,240
9,9,0
9,10,180
9,11,120
10,1,60
10,2,90
10,3,180
10,4,90
10,5,180
10,6,240
10,7,180
10,8,270
10,9,180
10,10,0
10,11,90
11,1,90
11,2,150
11,3,240
11,4,150
11,5,90
11,6,60
11,7,150
11,8,240
11,9,120
11,10,90
11,11,0
==========
