n_S,n_C,n_L,n_K,n_D,B
11,30,3,58,10,1580
==========
Car ID,Level,Initial station
1,1,9
2,1,2
3,1,9
4,1,6
5,1,6
6,1,6
7,1,4
8,1,2
9,1,4
10,1,2
11,1,3
12,1,5
13,2,3
14,2,4
15,2,5
16,2,9
17,2,1
18,2,2
19,2,2
20,2,2
21,2,6
22,2,5
23,3,4
24,3,4
25,3,8
26,3,5
27,3,8
28,3,6
29,3,4
30,3,8
==========
Car level,Hour rate
1,190
2,440
3,1080
==========
Order ID,Level,Pick-up station,Return station,Pick-up time,Return time
1,1,1,5,2023/01/06 08:30,2023/01/06 19:30
2,1,1,7,2023/01/01 14:30,2023/01/01 16:30
3,3,7,11,2023/01/05 12:30,2023/01/05 19:30
4,1,2,11,2023/01/07 21:30,2023/01/08 15:30
5,3,10,4,2023/01/07 09:30,2023/01/07 14:30
6,1,11,6,2023/01/09 19:30,2023/01/10 02:30
7,2,11,11,2023/01/05 09:00,2023/01/05 14:00
8,2,9,3,2023/01/03 00:30,2023/01/03 02:30
9,3,8,1,2023/01/09 20:00,2023/01/10 14:00
10,3,2,9,2023/01/01 19:30,2023/01/02 13:30
11,2,1,8,2023/01/09 11:30,2023/01/09 21:30
12,1,9,2,2023/01/02 22:30,2023/01/03 11:30
13,1,1,3,2023/01/03 13:00,2023/01/04 07:00
14,1,8,3,2023/01/05 23:30,2023/01/06 14:30
15,1,1,8,2023/01/07 23:00,2023/01/08 15:00
16,2,9,4,2023/01/01 12:00,2023/01/01 22:00
17,2,1,2,2023/01/09 10:00,2023/01/10 03:00
18,2,10,7,2023/01/04 15:00,2023/01/05 00:00
19,3,8,8,2023/01/06 21:30,2023/01/07 10:30
20,2,1,8,2023/01/06 07:00,2023/01/06 15:00
21,3,1,5,2023/01/01 14:00,2023/01/02 02:00
22,2,5,5,2023/01/04 22:00,2023/01/04 23:00
23,2,11,10,2023/01/08 17:00,2023/01/09 03:00
24,3,1,7,2023/01/04 12:00,2023/01/05 03:00
25,1,1,11,2023/01/08 08:00,2023/01/09 00:00
26,2,1,3,2023/01/09 00:00,2023/01/09 14:00
27,1,1,11,2023/01/06 09:00,2023/01/07 01:00
28,1,1,10,2023/01/02 19:00,2023/01/03 03:00
29,1,1,9,2023/01/10 09:00,2023/01/10 13:00
30,1,1,2,2023/01/04 22:00,2023/01/05 09:00
31,3,6,11,2023/01/05 03:00,2023/01/05 06:00
32,2,1,11,2023/01/06 05:30,2023/01/06 17:30
33,3,5,7,2023/01/06 20:00,2023/01/07 03:00
34,1,1,11,2023/01/02 08:00,2023/01/02 10:00
35,3,1,11,2023/01/09 09:30,2023/01/10 00:30
36,1,6,11,2023/01/02 21:00,2023/01/03 12:00
37,2,9,7,2023/01/03 23:30,2023/01/04 14:30
38,2,5,11,2023/01/04 19:30,2023/01/05 02:30
39,3,8,11,2023/01/10 16:30,2023/01/10 23:30
40,2,10,9,2023/01/02 21:00,2023/01/03 06:00
41,1,9,11,2023/01/05 10:00,2023/01/05 18:00
42,1,2,2,2023/01/09 07:30,2023/01/09 20:30
43,3,5,11,2023/01/05 20:00,2023/01/06 12:00
44,3,1,1,2023/01/01 13:30,2023/01/02 02:30
45,2,1,11,2023/01/01 10:30,2023/01/01 15:30
46,3,3,11,2023/01/04 07:00,2023/01/04 22:00
47,2,1,11,2023/01/05 06:30,2023/01/05 11:30
48,2,11,8,2023/01/08 01:30,2023/01/08 07:30
49,3,8,8,2023/01/05 14:00,2023/01/06 00:00
50,1,5,5,2023/01/09 15:30,2023/01/10 01:30
51,1,1,7,2023/01/07 12:30,2023/01/07 22:30
52,3,1,2,2023/01/06 00:00,2023/01/06 06:00
53,2,1,10,2023/01/06 14:30,2023/01/07 06:30
54,2,1,10,2023/01/02 22:30,2023/01/03 00:30
55,2,7,4,2023/01/03 22:30,2023/01/04 01:30
56,1,1,11,2023/01/07 21:00,2023/01/08 08:00
57,3,1,7,2023/01/03 09:00,2023/01/03 11:00
58,2,5,11,2023/01/10 06:00,2023/01/10 11:00
==========
From,To,Moving time
1,1,0
1,2,270
1,3,270
1,4,180
1,5,210
1,6,120
1,7,60
1,8,120
1,9,60
1,10,60
1,11,90
2,1,270
2,2,0
2,3,60
2,4,240
2,5,210
2,6,270
2,7,90
2,8,60
2,9,210
2,10,180
2,11,90
3,1,270
3,2,60
3,3,0
3,4,270
3,5,120
3,6,60
3,7,180
3,8,150
3,9,150
3,10,240
3,11,120
4,1,180
4,2,240
4,3,270
4,4,0
4,5,120
4,6,180
4,7,270
4,8,210
4,9,90
4,10,210
4,11,210
5,1,210
5,2,210
5,3,120
5,4,120
5,5,0
5,6,270
5,7,60
5,8,60
5,9,240
5,10,90
5,11,270
6,1,120
6,2,270
6,3,60
6,4,180
6,5,270
6,6,0
6,7,90
6,8,150
6,9,150
6,10,270
6,11,240
7,1,60
7,2,90
7,3,180
7,4,270
7,5,60
7,6,90
7,7,0
7,8,240
7,9,90
7,10,90
7,11,120
8,1,120
8,2,60
8,3,150
8,4,210
8,5,60
8,6,150
8,7,240
8,8,0
8,9,210
8,10,180
8,11,210
9,1,60
9,2,210
9,3,150
9,4,90
9,5,240
9,6,150
9,7,90
9,8,210
9,9,0
9,10,150
9,11,120
10,1,60
10,2,180
10,3,240
10,4,210
10,5,90
10,6,270
10,7,90
10,8,180
10,9,150
10,10,0
10,11,180
11,1,90
11,2,90
11,3,120
11,4,210
11,5,270
11,6,240
11,7,120
11,8,210
11,9,120
11,10,180
11,11,0
==========
