n_S,n_C,n_L,n_K,n_D,B
11,30,3,58,10,1580
==========
Car ID,Level,Initial station
1,1,10
2,1,8
3,1,6
4,1,10
5,1,3
6,1,3
7,1,3
8,1,5
9,1,4
10,1,1
11,1,5
12,1,4
13,2,6
14,2,11
15,2,9
16,2,1
17,2,10
18,2,5
19,2,6
20,2,4
21,2,2
22,2,11
23,3,5
24,3,4
25,3,7
26,3,8
27,3,9
28,3,4
29,3,1
30,3,9
==========
Car level,Hour rate
1,190
2,440
3,1080
==========
Order ID,Level,Pick-up station,Return station,Pick-up time,Return time
1,1,1,11,2023/01/02 16:00,2023/01/03 03:00
2,1,2,7,2023/01/02 02:30,2023/01/02 09:30
3,3,1,11,2023/01/03 09:30,2023/01/03 18:30
4,3,10,9,2023/01/07 17:00,2023/01/08 10:00
5,2,10,5,2023/01/03 06:30,2023/01/03 20:30
6,2,1,11,2023/01/07 16:00,2023/01/08 05:00
7,1,6,1,2023/01/07 00:30,2023/01/07 14:30
8,2,1,2,2023/01/03 04:30,2023/01/03 22:30
9,3,1,11,2023/01/01 06:30,2023/01/01 11:30
10,1,11,6,2023/01/02 15:30,2023/01/03 05:30
11,3,1,10,2023/01/06 08:30,2023/01/06 14:30
12,2,1,11,2023/01/01 16:30,2023/01/02 04:30
13,2,1,11,2023/01/01 14:30,2023/01/01 21:30
14,2,3,2,2023/01/03 22:30,2023/01/04 09:30
15,2,1,11,2023/01/04 13:00,2023/01/04 17:00
16,1,3,9,2023/01/07 09:30,2023/01/07 12:30
17,3,1,7,2023/01/03 04:00,2023/01/03 21:00
18,2,1,11,2023/01/03 17:00,2023/01/04 09:00
19,1,1,9,2023/01/03 00:30,2023/01/03 10:30
20,3,3,2,2023/01/03 14:00,2023/01/03 16:00
21,3,7,11,2023/01/08 17:00,2023/01/09 02:00
22,2,3,11,2023/01/05 07:30,2023/01/05 13:30
23,2,1,4,2023/01/05 21:30,2023/01/06 06:30
24,1,7,10,2023/01/04 03:30,2023/01/04 21:30
25,2,1,11,2023/01/02 19:30,2023/01/03 05:30
26,2,1,6,2023/01/09 21:30,2023/01/09 22:30
27,3,6,1,2023/01/02 02:00,2023/01/02 11:00
28,1,11,6,2023/01/06 16:00,2023/01/06 17:00
29,3,7,6,2023/01/08 06:30,2023/01/08 16:30
30,2,1,1,2023/01/01 18:30,2023/01/01 19:30
31,3,1,11,2023/01/05 18:00,2023/01/06 10:00
32,1,3,11,2023/01/04 09:30,2023/01/05 03:30
33,2,11,11,2023/01/06 04:30,2023/01/06 22:30
34,2,1,11,2023/01/06 00:00,2023/01/06 14:00
35,3,10,11,2023/01/10 06:30,2023/01/10 21:30
36,3,1,7,2023/01/03 15:00,2023/01/04 02:00
37,3,1,6,2023/01/08 07:00,2023/01/08 18:00
38,2,5,11,2023/01/02 16:00,2023/01/02 23:00
39,1,6,1,2023/01/02 14:00,2023/01/02 23:00
40,3,2,5,2023/01/04 11:30,2023/01/04 20:30
41,2,1,11,2023/01/03 00:30,2023/01/03 13:30
42,3,9,3,2023/01/01 23:00,2023/01/02 15:00
43,2,1,4,2023/01/04 01:30,2023/01/04 06:30
44,2,11,11,2023/01/06 22:30,2023/01/07 16:30
45,1,1,9,2023/01/01 22:00,2023/01/02 00:00
46,3,3,1,2023/01/08 12:30,2023/01/09 05:30
47,1,11,11,2023/01/05 10:30,2023/01/05 21:30
48,1,8,8,2023/01/03 05:30,2023/01/03 07:30
49,1,1,10,2023/01/05 09:00,2023/01/05 12:00
50,3,5,11,2023/01/09 12:30,2023/01/09 21:30
51,2,10,6,2023/01/06 13:30,2023/01/07 07:30
52,1,2,7,2023/01/04 21:30,2023/01/05 02:30
53,2,1,10,2023/01/07 14:30,2023/01/07 21:30
54,2,1,3,2023/01/04 12:00,2023/01/05 04:00
55,2,1,11,2023/01/10 20:00,2023/01/10 22:00
56,1,1,4,2023/01/09 09:30,2023/01/09 10:30
57,3,1,1,2023/01/05 11:00,2023/01/05 18:00
58,2,1,11,2023/01/02 05:30,2023/01/02 12:30
==========
From,To,Moving time
1,1,0
1,2,210
1,3,180
1,4,210
1,5,210
1,6,180
1,7,60
1,8,90
1,9,150
1,10,210
1,11,90
2,1,210
2,2,0
2,3,150
2,4,60
2,5,240
2,6,90
2,7,60
2,8,270
2,9,270
2,10,210
2,11,210
3,1,180
3,2,150
3,3,0
3,4,90
3,5,240
3,6,120
3,7,210
3,8,120
3,9,150
3,10,90
3,11,60
4,1,210
4,2,60
4,3,90
4,4,0
4,5,210
4,6,210
4,7,270
4,8,90
4,9,240
4,10,120
4,11,240
5,1,210
5,2,240
5,3,240
5,4,210
5,5,0
5,6,180
5,7,210
5,8,60
5,9,180
5,10,120
5,11,210
6,1,180
6,2,90
6,3,120
6,4,210
6,5,180
6,6,0
6,7,270
6,8,120
6,9,210
6,10,150
6,11,270
7,1,60
7,2,60
7,3,210
7,4,270
7,5,210
7,6,270
7,7,0
7,8,120
7,9,270
7,10,270
7,11,120
8,1,90
8,2,270
8,3,120
8,4,90
8,5,60
8,6,120
8,7,120
8,8,0
8,9,120
8,10,240
8,11,60
9,1,150
9,2,270
9,3,150
9,4,240
9,5,180
9,6,210
9,7,270
9,8,120
9,9,0
9,10,90
9,11,240
10,1,210
10,2,210
10,3,90
10,4,120
10,5,120
10,6,150
10,7,270
10,8,240
10,9,90
10,10,0
10,11,120
11,1,90
11,2,210
11,3,60
11,4,240
11,5,210
11,6,270
11,7,120
11,8,60
11,9,240
11,10,120
11,11,0
==========
