n_S,n_C,n_L,n_K,n_D,B
11,30,3,58,10,1580
==========
Car ID,Level,Initial station
1,1,2
2,1,1
3,1,7
4,1,10
5,1,6
6,1,8
7,1,7
8,1,3
9,1,4
10,1,2
11,1,8
12,1,7
13,2,10
14,2,3
15,2,1
16,2,4
17,2,10
18,2,3
19,2,11
20,2,11
21,2,6
22,2,5
23,3,10
24,3,9
25,3,2
26,3,9
27,3,7
28,3,4
29,3,2
30,3,5
==========
Car level,Hour rate
1,190
2,440
3,1080
==========
Order ID,Level,Pick-up station,Return station,Pick-up time,Return time
1,2,1,3,2023/01/04 08:30,2023/01/04 23:30
2,3,2,7,2023/01/07 05:00,2023/01/07 13:00
3,2,11,11,2023/01/06 10:30,2023/01/07 02:30
4,3,1,11,2023/01/08 07:30,2023/01/09 00:30
5,1,11,11,2023/01/08 11:00,2023/01/08 22:00
6,3,1,1,2023/01/09 11:30,2023/01/09 17:30
7,2,3,5,2023/01/09 00:00,2023/01/09 06:00
8,2,10,3,2023/01/05 13:00,2023/01/06 00:00
9,1,1,9,2023/01/06 21:00,2023/01/07 09:00
10,3,1,10,2023/01/05 02:00,2023/01/05 11:00
11,1,1,11,2023/01/07 05:30,2023/01/07 22:30
12,3,6,11,2023/01/09 02:30,2023/01/09 06:30
13,3,10,9,2023/01/06 02:00,2023/01/06 16:00
14,2,1,7,2023/01/06 19:30,2023/01/06 20:30
15,1,6,3,2023/01/10 09:00,2023/01/10 19:00
16,3,10,5,2023/01/04 13:30,2023/01/04 17:30
17,3,9,3,2023/01/06 09:30,2023/01/06 17:30
18,3,1,6,2023/01/02 08:30,2023/01/02 11:30
19,3,1,11,2023/01/04 04:30,2023/01/04 07:30
20,3,1,8,2023/01/03 13:00,2023/01/04 00:00
21,2,1,11,2023/01/08 19:00,2023/01/09 04:00
22,3,10,1,2023/01/02 03:00,2023/01/02 13:00
23,3,1,11,2023/01/02 10:30,2023/01/03 01:30
24,2,1,11,2023/01/04 19:30,2023/01/05 02:30
25,2,1,11,2023/01/09 05:30,2023/01/09 07:30
26,1,1,11,2023/01/06 05:30,2023/01/06 17:30
27,3,3,5,2023/01/08 19:30,2023/01/09 11:30
28,2,7,11,2023/01/07 04:30,2023/01/07 22:30
29,3,5,11,2023/01/06 02:00,2023/01/06 03:00
30,3,8,8,2023/01/05 11:30,2023/01/06 03:30
31,3,1,11,2023/01/03 03:30,2023/01/03 10:30
32,1,11,10,2023/01/09 02:30,2023/01/09 13:30
33,3,11,6,2023/01/07 06:00,2023/01/07 15:00
34,1,9,11,2023/01/09 03:30,2023/01/09 09:30
35,1,2,8,2023/01/10 05:00,2023/01/10 07:00
36,2,1,2,2023/01/06 06:00,2023/01/06 15:00
37,3,9,11,2023/01/07 17:30,2023/01/07 20:30
38,1,1,7,2023/01/07 21:30,2023/01/08 13:30
39,1,2,11,2023/01/04 21:30,2023/01/05 15:30
40,1,2,1,2023/01/07 03:30,2023/01/07 19:30
41,2,6,11,2023/01/09 19:30,2023/01/09 20:30
42,2,4,7,2023/01/08 22:30,2023/01/09 11:30
43,1,6,11,2023/01/06 12:30,2023/01/07 06:30
44,3,9,1,2023/01/09 13:30,2023/01/10 00:30
45,3,1,6,2023/01/09 04:30,2023/01/09 20:30
46,3,7,11,2023/01/01 23:00,2023/01/02 05:00
47,2,7,10,2023/01/09 00:00,2023/01/09 14:00
48,1,1,11,2023/01/03 23:30,2023/01/04 08:30
49,1,1,11,2023/01/02 01:00,2023/01/02 12:00
50,2,11,6,2023/01/08 15:00,2023/01/09 09:00
51,2,5,2,2023/01/10 10:30,2023/01/10 16:30
52,2,1,11,2023/01/09 10:30,2023/01/09 13:30
53,3,2,5,2023/01/09 19:30,2023/01/10 05:30
54,3,11,3,2023/01/08 10:00,2023/01/09 04:00
55,3,7,11,2023/01/02 15:30,2023/01/03 07:30
56,3,1,9,2023/01/10 04:00,2023/01/10 20:00
57,3,7,11,2023/01/08 20:00,2023/01/08 21:00
58,3,1,10,2023/01/05 01:00,2023/01/05 16:00
==========
From,To,Moving time
1,1,0
1,2,120
1,3,240
1,4,60
1,5,120
1,6,60
1,7,210
1,8,270
1,9,180
1,10,120
1,11,90
2,1,120
2,2,0
2,3,60
2,4,150
2,5,60
2,6,150
2,7,120
2,8,120
2,9,90
2,10,180
2,11,210
3,1,240
3,2,60
3,3,0
3,4,60
3,5,210
3,6,90
3,7,60
3,8,150
3,9,270
3,10,120
3,11,270
4,1,60
4,2,150
4,3,60
4,4,0
4,5,180
4,6,120
4,7,120
4,8,60
4,9,120
4,10,210
4,11,240
5,1,120
5,2,60
5,3,210
5,4,180
5,5,0
5,6,210
5,7,120
5,8,210
5,9,120
5,10,120
5,11,240
6,1,60
6,2,150
6,3,90
6,4,120
6,5,210
6,6,0
6,7,150
6,8,150
6,9,240
6,10,120
6,11,210
7,1,210
7,2,120
7,3,60
7,4,120
7,5,120
7,6,150
7,7,0
7,8,150
7,9,240
7,10,60
7,11,240
8,1,270
8,2,120
8,3,150
8,4,60
8,5,210
8,6,150
8,7,150
8,8,0
8,9,180
8,10,210
8,11,210
9,1,180
9,2,90
9,3,270
9,4,120
9,5,120
9,6,240
9,7,240
9,8,180
9,9,0
9,10,240
9,11,240
10,1,120
10,2,180
10,3,120
10,4,210
10,5,120
10,6,120
10,7,60
10,8,210
10,9,240
10,10,0
10,11,270
11,1,90
11,2,210
11,3,270
11,4,240
11,5,240
11,6,210
11,7,240
11,8,210
11,9,240
11,10,270
11,11,0
==========
