n_S,n_C,n_L,n_K,n_D,B
11,30,3,58,10,360
==========
Car ID,Level,Initial station
1,1,7
2,1,8
3,1,3
4,1,2
5,1,9
6,1,11
7,1,2
8,1,5
9,1,2
10,1,1
11,1,4
12,1,2
13,2,11
14,2,6
15,2,10
16,2,3
17,2,2
18,2,5
19,2,1
20,2,1
21,2,3
22,2,3
23,3,7
24,3,9
25,3,8
26,3,6
27,3,9
28,3,4
29,3,1
30,3,8
==========
Car level,Hour rate
1,190
2,440
3,1080
==========
Order ID,Level,Pick-up station,Return station,Pick-up time,Return time
1,1,7,10,2023/01/01 23:30,2023/01/02 09:30
2,2,1,8,2023/01/04 07:00,2023/01/04 17:00
3,3,6,10,2023/01/05 17:30,2023/01/06 04:30
4,2,3,4,2023/01/05 14:00,2023/01/05 16:00
5,1,1,10,2023/01/09 22:30,2023/01/10 09:30
6,3,8,10,2023/01/01 11:00,2023/01/01 22:00
7,3,10,5,2023/01/02 08:30,2023/01/02 13:30
8,2,3,3,2023/01/08 04:00,2023/01/08 14:00
9,1,7,5,2023/01/09 23:30,2023/01/10 12:30
10,2,6,11,2023/01/09 09:00,2023/01/09 12:00
11,2,3,10,2023/01/06 06:30,2023/01/06 18:30
12,1,9,7,2023/01/04 20:00,2023/01/05 10:00
13,3,5,11,2023/01/10 13:00,2023/01/10 23:00
14,3,8,11,2023/01/08 18:30,2023/01/09 05:30
15,1,1,6,2023/01/08 06:30,2023/01/08 11:30
16,3,2,1,2023/01/08 23:00,2023/01/09 11:00
17,1,8,2,2023/01/08 18:30,2023/01/08 23:30
18,3,3,11,2023/01/07 21:00,2023/01/07 22:00
19,1,5,10,2023/01/05 18:30,2023/01/06 02:30
20,3,3,7,2023/01/02 04:00,2023/01/02 05:00
21,2,9,7,2023/01/08 17:00,2023/01/09 01:00
22,3,6,11,2023/01/07 09:30,2023/01/07 21:30
23,2,11,11,2023/01/10 03:00,2023/01/10 16:00
24,2,4,8,2023/01/05 08:00,2023/01/05 14:00
25,1,5,8,2023/01/06 00:30,2023/01/06 03:30
26,3,9,7,2023/01/02 13:30,2023/01/03 03:30
27,1,4,11,2023/01/06 02:00,2023/01/06 16:00
28,3,1,2,2023/01/10 04:00,2023/01/10 12:00
29,2,4,1,2023/01/05 08:00,2023/01/05 17:00
30,3,3,1,2023/01/02 12:00,2023/01/02 14:00
31,2,8,10,2023/01/01 12:00,2023/01/02 00:00
32,2,9,4,2023/01/08 08:00,2023/01/08 09:00
33,2,10,3,2023/01/03 03:00,2023/01/03 12:00
34,1,4,2,2023/01/01 19:00,2023/01/02 02:00
35,1,10,6,2023/01/03 03:00,2023/01/03 07:00
36,2,1,8,2023/01/05 03:30,2023/01/05 17:30
37,1,8,9,2023/01/08 01:30,2023/01/08 11:30
38,2,10,7,2023/01/06 03:00,2023/01/06 11:00
39,1,11,10,2023/01/01 21:00,2023/01/02 04:00
40,3,10,7,2023/01/07 14:00,2023/01/07 19:00
41,1,5,7,2023/01/06 03:30,2023/01/06 15:30
42,3,6,4,2023/01/05 10:00,2023/01/05 21:00
43,1,2,2,2023/01/03 04:30,2023/01/03 09:30
44,3,10,9,2023/01/01 01:00,2023/01/01 11:00
45,1,6,10,2023/01/03 00:00,2023/01/03 02:00
46,3,4,9,2023/01/04 16:30,2023/01/04 19:30
47,1,6,6,2023/01/10 14:00,2023/01/10 17:00
48,1,3,5,2023/01/03 09:30,2023/01/03 20:30
49,2,1,1,2023/01/02 06:00,2023/01/02 20:00
50,3,8,9,2023/01/09 07:00,2023/01/09 19:00
51,2,7,5,2023/01/09 06:00,2023/01/09 10:00
52,2,7,7,2023/01/03 16:00,2023/01/03 23:00
53,3,5,10,2023/01/10 01:00,2023/01/10 06:00
54,3,7,11,2023/01/05 15:00,2023/01/06 01:00
55,3,5,9,2023/01/02 13:30,2023/01/03 00:30
56,3,7,4,2023/01/09 14:30,2023/01/10 02:30
57,2,11,5,2023/01/06 19:30,2023/01/06 23:30
58,3,6,3,2023/01/01 01:00,2023/01/01 13:00
==========
From,To,Moving time
1,1,0
1,2,150
1,3,210
1,4,60
1,5,30
1,6,60
1,7,30
1,8,180
1,9,210
1,10,150
1,11,60
2,1,150
2,2,0
2,3,120
2,4,90
2,5,60
2,6,150
2,7,90
2,8,90
2,9,150
2,10,60
2,11,90
3,1,210
3,2,120
3,3,0
3,4,210
3,5,90
3,6,90
3,7,180
3,8,150
3,9,150
3,10,30
3,11,150
4,1,60
4,2,90
4,3,210
4,4,0
4,5,180
4,6,180
4,7,150
4,8,30
4,9,180
4,10,60
4,11,120
5,1,30
5,2,60
5,3,90
5,4,180
5,5,0
5,6,120
5,7,30
5,8,90
5,9,60
5,10,90
5,11,60
6,1,60
6,2,150
6,3,90
6,4,180
6,5,120
6,6,0
6,7,60
6,8,120
6,9,30
6,10,90
6,11,210
7,1,30
7,2,90
7,3,180
7,4,150
7,5,30
7,6,60
7,7,0
7,8,210
7,9,90
7,10,180
7,11,30
8,1,180
8,2,90
8,3,150
8,4,30
8,5,90
8,6,120
8,7,210
8,8,0
8,9,60
8,10,30
8,11,150
9,1,210
9,2,150
9,3,150
9,4,180
9,5,60
9,6,30
9,7,90
9,8,60
9,9,0
9,10,210
9,11,120
10,1,150
10,2,60
10,3,30
10,4,60
10,5,90
10,6,90
10,7,180
10,8,30
10,9,210
10,10,0
10,11,150
11,1,60
11,2,90
11,3,150
11,4,120
11,5,60
11,6,210
11,7,30
11,8,150
11,9,120
11,10,150
11,11,0
==========
