n_S,n_C,n_L,n_K,n_D,B
11,30,3,58,10,360
==========
Car ID,Level,Initial station
1,1,3
2,1,9
3,1,4
4,1,9
5,1,1
6,1,1
7,1,5
8,1,1
9,1,4
10,1,3
11,1,7
12,1,8
13,2,8
14,2,6
15,2,7
16,2,3
17,2,2
18,2,3
19,2,9
20,2,5
21,2,9
22,2,11
23,3,3
24,3,5
25,3,5
26,3,8
27,3,5
28,3,10
29,3,7
30,3,6
==========
Car level,Hour rate
1,190
2,440
3,1080
==========
Order ID,Level,Pick-up station,Return station,Pick-up time,Return time
1,2,7,8,2023/01/04 10:30,2023/01/04 22:30
2,3,10,4,2023/01/04 15:30,2023/01/05 00:30
3,2,11,3,2023/01/08 09:30,2023/01/08 16:30
4,3,8,11,2023/01/09 08:00,2023/01/09 11:00
5,2,3,4,2023/01/08 12:00,2023/01/08 18:00
6,1,11,1,2023/01/10 09:00,2023/01/10 18:00
7,2,4,10,2023/01/03 22:30,2023/01/04 09:30
8,3,10,1,2023/01/10 00:00,2023/01/10 06:00
9,3,8,5,2023/01/07 13:00,2023/01/08 00:00
10,3,7,11,2023/01/01 15:30,2023/01/02 00:30
11,2,3,4,2023/01/01 22:00,2023/01/02 03:00
12,3,11,4,2023/01/05 04:30,2023/01/05 12:30
13,1,1,5,2023/01/03 23:00,2023/01/04 07:00
14,3,1,2,2023/01/08 00:30,2023/01/08 10:30
15,1,10,11,2023/01/04 01:30,2023/01/04 15:30
16,3,5,9,2023/01/06 08:00,2023/01/06 20:00
17,3,1,9,2023/01/01 23:00,2023/01/02 09:00
18,1,4,7,2023/01/02 21:00,2023/01/03 04:00
19,2,9,2,2023/01/09 06:30,2023/01/09 09:30
20,1,2,8,2023/01/01 13:00,2023/01/01 14:00
21,1,3,1,2023/01/01 23:30,2023/01/02 03:30
22,2,9,10,2023/01/06 18:00,2023/01/06 22:00
23,1,3,10,2023/01/10 04:00,2023/01/10 14:00
24,2,3,1,2023/01/08 21:30,2023/01/09 11:30
25,1,7,7,2023/01/03 08:00,2023/01/03 12:00
26,1,9,11,2023/01/10 10:00,2023/01/10 11:00
27,3,11,9,2023/01/08 08:00,2023/01/08 20:00
28,3,2,11,2023/01/07 03:00,2023/01/07 10:00
29,3,2,7,2023/01/08 13:30,2023/01/08 16:30
30,2,4,5,2023/01/10 05:00,2023/01/10 14:00
31,3,7,2,2023/01/04 05:30,2023/01/04 13:30
32,1,9,7,2023/01/09 13:00,2023/01/09 21:00
33,3,6,5,2023/01/07 14:00,2023/01/07 15:00
34,2,8,2,2023/01/01 05:00,2023/01/01 08:00
35,3,2,9,2023/01/03 01:30,2023/01/03 11:30
36,1,5,5,2023/01/02 06:30,2023/01/02 17:30
37,3,11,3,2023/01/09 12:00,2023/01/09 15:00
38,2,9,7,2023/01/03 06:00,2023/01/03 10:00
39,1,10,1,2023/01/10 08:00,2023/01/10 22:00
40,3,6,11,2023/01/06 22:30,2023/01/07 07:30
41,3,1,3,2023/01/09 09:00,2023/01/09 18:00
42,1,11,3,2023/01/04 19:00,2023/01/05 01:00
43,3,9,11,2023/01/01 01:30,2023/01/01 09:30
44,2,5,2,2023/01/07 21:30,2023/01/08 04:30
45,3,4,11,2023/01/02 00:00,2023/01/02 13:00
46,3,5,8,2023/01/08 14:30,2023/01/09 02:30
47,2,3,9,2023/01/01 19:00,2023/01/02 06:00
48,1,7,1,2023/01/10 02:30,2023/01/10 16:30
49,3,4,6,2023/01/08 10:00,2023/01/08 21:00
50,3,9,4,2023/01/06 04:30,2023/01/06 07:30
51,2,9,8,2023/01/09 09:30,2023/01/09 23:30
52,3,1,11,2023/01/09 06:00,2023/01/09 17:00
53,1,7,8,2023/01/05 15:00,2023/01/06 03:00
54,3,3,7,2023/01/09 21:00,2023/01/09 23:00
55,1,1,10,2023/01/08 21:30,2023/01/09 03:30
56,3,2,2,2023/01/06 00:30,2023/01/06 04:30
57,3,2,4,2023/01/05 18:30,2023/01/06 01:30
58,3,2,11,2023/01/07 17:30,2023/01/07 23:30
==========
From,To,Moving time
1,1,0
1,2,180
1,3,90
1,4,30
1,5,180
1,6,60
1,7,120
1,8,120
1,9,180
1,10,180
1,11,210
2,1,180
2,2,0
2,3,120
2,4,60
2,5,120
2,6,60
2,7,180
2,8,120
2,9,210
2,10,30
2,11,60
3,1,90
3,2,120
3,3,0
3,4,90
3,5,60
3,6,90
3,7,210
3,8,30
3,9,150
3,10,60
3,11,60
4,1,30
4,2,60
4,3,90
4,4,0
4,5,150
4,6,210
4,7,210
4,8,180
4,9,210
4,10,60
4,11,60
5,1,180
5,2,120
5,3,60
5,4,150
5,5,0
5,6,90
5,7,60
5,8,210
5,9,120
5,10,120
5,11,150
6,1,60
6,2,60
6,3,90
6,4,210
6,5,90
6,6,0
6,7,60
6,8,210
6,9,210
6,10,60
6,11,30
7,1,120
7,2,180
7,3,210
7,4,210
7,5,60
7,6,60
7,7,0
7,8,60
7,9,90
7,10,120
7,11,90
8,1,120
8,2,120
8,3,30
8,4,180
8,5,210
8,6,210
8,7,60
8,8,0
8,9,90
8,10,180
8,11,90
9,1,180
9,2,210
9,3,150
9,4,210
9,5,120
9,6,210
9,7,90
9,8,90
9,9,0
9,10,90
9,11,210
10,1,180
10,2,30
10,3,60
10,4,60
10,5,120
10,6,60
10,7,120
10,8,180
10,9,90
10,10,0
10,11,210
11,1,210
11,2,60
11,3,60
11,4,60
11,5,150
11,6,30
11,7,90
11,8,90
11,9,210
11,10,210
11,11,0
==========
