n_S,n_C,n_L,n_K,n_D,B
11,30,3,58,10,360
==========
Car ID,Level,Initial station
1,1,3
2,1,4
3,1,7
4,1,7
5,1,9
6,1,9
7,1,4
8,1,9
9,1,4
10,1,2
11,1,8
12,1,1
13,2,8
14,2,10
15,2,4
16,2,2
17,2,6
18,2,1
19,2,8
20,2,5
21,2,10
22,2,2
23,3,3
24,3,10
25,3,6
26,3,10
27,3,3
28,3,3
29,3,8
30,3,9
==========
Car level,Hour rate
1,190
2,440
3,1080
==========
Order ID,Level,Pick-up station,Return station,Pick-up time,Return time
1,2,10,3,2023/01/03 20:30,2023/01/04 01:30
2,2,2,7,2023/01/09 18:30,2023/01/10 01:30
3,1,4,3,2023/01/10 13:30,2023/01/10 22:30
4,2,3,9,2023/01/09 15:30,2023/01/10 01:30
5,2,5,11,2023/01/02 01:00,2023/01/02 12:00
6,2,1,4,2023/01/01 00:00,2023/01/01 10:00
7,2,2,5,2023/01/08 18:00,2023/01/09 07:00
8,3,1,11,2023/01/01 07:30,2023/01/01 20:30
9,3,8,3,2023/01/08 15:00,2023/01/09 02:00
10,2,6,4,2023/01/07 01:00,2023/01/07 12:00
11,3,1,11,2023/01/07 17:30,2023/01/07 18:30
12,1,3,2,2023/01/05 22:00,2023/01/06 10:00
13,3,4,1,2023/01/03 17:30,2023/01/04 02:30
14,2,11,9,2023/01/05 04:30,2023/01/05 16:30
15,1,11,9,2023/01/05 04:00,2023/01/05 09:00
16,1,3,8,2023/01/10 11:30,2023/01/10 13:30
17,3,7,7,2023/01/05 09:30,2023/01/05 11:30
18,2,3,5,2023/01/05 03:00,2023/01/05 09:00
19,1,8,9,2023/01/09 00:00,2023/01/09 02:00
20,2,2,11,2023/01/03 04:30,2023/01/03 17:30
21,2,11,10,2023/01/06 02:00,2023/01/06 05:00
22,3,1,8,2023/01/08 06:00,2023/01/08 15:00
23,2,9,11,2023/01/07 10:00,2023/01/07 11:00
24,3,2,10,2023/01/09 08:00,2023/01/09 19:00
25,1,1,3,2023/01/05 02:00,2023/01/05 07:00
26,1,11,11,2023/01/10 05:30,2023/01/10 08:30
27,1,2,3,2023/01/01 14:00,2023/01/01 15:00
28,3,3,7,2023/01/02 22:00,2023/01/02 23:00
29,2,10,9,2023/01/07 08:30,2023/01/07 14:30
30,2,6,8,2023/01/06 00:30,2023/01/06 04:30
31,2,5,9,2023/01/08 17:30,2023/01/08 19:30
32,1,4,3,2023/01/10 04:00,2023/01/10 06:00
33,3,10,2,2023/01/05 03:00,2023/01/05 09:00
34,1,5,2,2023/01/07 22:00,2023/01/08 12:00
35,3,7,6,2023/01/06 21:00,2023/01/06 22:00
36,1,10,3,2023/01/07 13:30,2023/01/08 02:30
37,2,5,8,2023/01/05 23:30,2023/01/06 05:30
38,2,1,8,2023/01/02 22:00,2023/01/03 08:00
39,2,3,10,2023/01/07 07:30,2023/01/07 12:30
40,2,6,2,2023/01/07 08:00,2023/01/07 20:00
41,2,3,4,2023/01/01 03:00,2023/01/01 11:00
42,2,10,6,2023/01/06 14:30,2023/01/06 18:30
43,1,4,8,2023/01/06 12:00,2023/01/06 23:00
44,1,10,7,2023/01/04 13:00,2023/01/04 16:00
45,2,6,6,2023/01/04 09:00,2023/01/04 12:00
46,3,4,5,2023/01/04 06:00,2023/01/04 12:00
47,3,7,10,2023/01/05 09:30,2023/01/05 20:30
48,1,3,11,2023/01/08 07:00,2023/01/08 18:00
49,1,4,9,2023/01/06 05:00,2023/01/06 11:00
50,2,6,6,2023/01/02 06:00,2023/01/02 13:00
51,2,11,8,2023/01/02 23:00,2023/01/03 01:00
52,2,11,8,2023/01/04 06:00,2023/01/04 19:00
53,3,10,3,2023/01/09 20:30,2023/01/10 03:30
54,2,6,2,2023/01/08 18:00,2023/01/09 00:00
55,1,6,1,2023/01/01 18:30,2023/01/02 05:30
56,2,6,4,2023/01/01 04:00,2023/01/01 14:00
57,2,8,9,2023/01/06 17:30,2023/01/06 18:30
58,2,9,7,2023/01/05 16:00,2023/01/06 01:00
==========
From,To,Moving time
1,1,0
1,2,90
1,3,60
1,4,150
1,5,90
1,6,60
1,7,90
1,8,90
1,9,120
1,10,150
1,11,30
2,1,90
2,2,0
2,3,60
2,4,210
2,5,150
2,6,210
2,7,30
2,8,30
2,9,30
2,10,150
2,11,120
3,1,60
3,2,60
3,3,0
3,4,60
3,5,90
3,6,150
3,7,150
3,8,30
3,9,60
3,10,60
3,11,30
4,1,150
4,2,210
4,3,60
4,4,0
4,5,60
4,6,90
4,7,120
4,8,120
4,9,120
4,10,150
4,11,30
5,1,90
5,2,150
5,3,90
5,4,60
5,5,0
5,6,60
5,7,180
5,8,180
5,9,180
5,10,150
5,11,90
6,1,60
6,2,210
6,3,150
6,4,90
6,5,60
6,6,0
6,7,30
6,8,90
6,9,180
6,10,180
6,11,120
7,1,90
7,2,30
7,3,150
7,4,120
7,5,180
7,6,30
7,7,0
7,8,90
7,9,150
7,10,150
7,11,150
8,1,90
8,2,30
8,3,30
8,4,120
8,5,180
8,6,90
8,7,90
8,8,0
8,9,30
8,10,60
8,11,120
9,1,120
9,2,30
9,3,60
9,4,120
9,5,180
9,6,180
9,7,150
9,8,30
9,9,0
9,10,150
9,11,120
10,1,150
10,2,150
10,3,60
10,4,150
10,5,150
10,6,180
10,7,150
10,8,60
10,9,150
10,10,0
10,11,60
11,1,30
11,2,120
11,3,30
11,4,30
11,5,90
11,6,120
11,7,150
11,8,120
11,9,120
11,10,60
11,11,0
==========
