n_S,n_C,n_L,n_K,n_D,B
11,30,3,58,10,360
==========
Car ID,Level,Initial station
1,1,5
2,1,5
3,1,6
4,1,3
5,1,8
6,1,9
7,1,9
8,1,6
9,1,10
10,1,4
11,1,6
12,1,6
13,2,9
14,2,1
15,2,6
16,2,3
17,2,2
18,2,6
19,2,4
20,2,3
21,2,4
22,2,4
23,3,8
24,3,2
25,3,8
26,3,9
27,3,1
28,3,5
29,3,7
30,3,6
==========
Car level,Hour rate
1,190
2,440
3,1080
==========
Order ID,Level,Pick-up station,Return station,Pick-up time,Return time
1,3,1,10,2023/01/02 06:00,2023/01/02 10:00
2,1,11,5,2023/01/10 13:00,2023/01/10 17:00
3,3,8,4,2023/01/08 15:00,2023/01/08 17:00
4,3,7,1,2023/01/07 01:30,2023/01/07 08:30
5,2,10,8,2023/01/05 21:00,2023/01/06 10:00
6,3,7,9,2023/01/07 02:00,2023/01/07 03:00
7,2,1,2,2023/01/10 03:30,2023/01/10 12:30
8,1,5,6,2023/01/09 06:00,2023/01/09 14:00
9,1,10,6,2023/01/05 20:00,2023/01/06 08:00
10,3,6,1,2023/01/02 00:00,2023/01/02 07:00
11,2,10,8,2023/01/04 07:30,2023/01/04 12:30
12,3,10,10,2023/01/03 01:00,2023/01/03 10:00
13,2,8,4,2023/01/08 09:30,2023/01/08 22:30
14,2,8,7,2023/01/08 15:30,2023/01/09 04:30
15,2,9,6,2023/01/08 04:00,2023/01/08 10:00
16,3,8,10,2023/01/08 03:00,2023/01/08 07:00
17,3,10,10,2023/01/07 18:00,2023/01/07 21:00
18,1,5,3,2023/01/01 10:30,2023/01/01 12:30
19,2,8,2,2023/01/03 23:00,2023/01/04 11:00
20,2,5,11,2023/01/08 14:00,2023/01/08 18:00
21,3,7,6,2023/01/01 03:00,2023/01/01 16:00
22,2,6,5,2023/01/08 23:00,2023/01/09 05:00
23,1,5,3,2023/01/09 15:30,2023/01/10 00:30
24,3,9,6,2023/01/07 08:00,2023/01/07 19:00
25,1,6,4,2023/01/04 12:00,2023/01/04 16:00
26,3,7,5,2023/01/04 04:30,2023/01/04 06:30
27,2,8,2,2023/01/02 17:30,2023/01/02 23:30
28,1,5,4,2023/01/03 18:00,2023/01/03 19:00
29,2,8,5,2023/01/02 09:00,2023/01/02 11:00
30,2,5,2,2023/01/10 16:30,2023/01/10 18:30
31,2,2,4,2023/01/08 22:00,2023/01/09 05:00
32,2,8,10,2023/01/05 06:30,2023/01/05 08:30
33,2,1,10,2023/01/08 08:00,2023/01/08 09:00
34,1,4,10,2023/01/04 20:30,2023/01/05 08:30
35,3,5,5,2023/01/07 06:00,2023/01/07 18:00
36,2,9,7,2023/01/05 12:30,2023/01/05 19:30
37,2,5,2,2023/01/01 11:30,2023/01/01 22:30
38,2,7,6,2023/01/10 09:30,2023/01/10 16:30
39,2,8,11,2023/01/09 11:00,2023/01/09 20:00
40,1,5,1,2023/01/01 11:00,2023/01/01 19:00
41,2,1,2,2023/01/08 15:30,2023/01/09 05:30
42,1,2,4,2023/01/01 12:00,2023/01/02 02:00
43,3,1,4,2023/01/06 13:00,2023/01/06 17:00
44,1,7,7,2023/01/05 07:00,2023/01/05 15:00
45,1,7,5,2023/01/01 00:30,2023/01/01 12:30
46,2,3,3,2023/01/07 03:00,2023/01/07 07:00
47,1,11,9,2023/01/01 17:30,2023/01/02 07:30
48,2,5,4,2023/01/04 23:30,2023/01/05 10:30
49,1,1,6,2023/01/08 12:30,2023/01/09 01:30
50,2,9,7,2023/01/03 01:00,2023/01/03 02:00
51,3,1,6,2023/01/02 17:30,2023/01/02 23:30
52,2,4,8,2023/01/04 20:30,2023/01/05 03:30
53,1,5,11,2023/01/07 13:30,2023/01/07 23:30
54,1,7,6,2023/01/10 15:30,2023/01/10 16:30
55,1,6,9,2023/01/04 21:30,2023/01/04 22:30
56,1,3,11,2023/01/08 19:00,2023/01/08 22:00
57,3,10,10,2023/01/06 13:00,2023/01/06 17:00
58,1,4,6,2023/01/07 07:00,2023/01/07 08:00
==========
From,To,Moving time
1,1,0
1,2,210
1,3,180
1,4,120
1,5,180
1,6,180
1,7,30
1,8,120
1,9,180
1,10,30
1,11,210
2,1,210
2,2,0
2,3,60
2,4,210
2,5,120
2,6,180
2,7,90
2,8,90
2,9,210
2,10,150
2,11,210
3,1,180
3,2,60
3,3,0
3,4,210
3,5,120
3,6,210
3,7,180
3,8,30
3,9,30
3,10,90
3,11,150
4,1,120
4,2,210
4,3,210
4,4,0
4,5,120
4,6,210
4,7,90
4,8,120
4,9,150
4,10,120
4,11,30
5,1,180
5,2,120
5,3,120
5,4,120
5,5,0
5,6,180
5,7,120
5,8,60
5,9,30
5,10,120
5,11,180
6,1,180
6,2,180
6,3,210
6,4,210
6,5,180
6,6,0
6,7,180
6,8,120
6,9,30
6,10,90
6,11,120
7,1,30
7,2,90
7,3,180
7,4,90
7,5,120
7,6,180
7,7,0
7,8,90
7,9,150
7,10,120
7,11,30
8,1,120
8,2,90
8,3,30
8,4,120
8,5,60
8,6,120
8,7,90
8,8,0
8,9,90
8,10,180
8,11,210
9,1,180
9,2,210
9,3,30
9,4,150
9,5,30
9,6,30
9,7,150
9,8,90
9,9,0
9,10,60
9,11,180
10,1,30
10,2,150
10,3,90
10,4,120
10,5,120
10,6,90
10,7,120
10,8,180
10,9,60
10,10,0
10,11,210
11,1,210
11,2,210
11,3,150
11,4,30
11,5,180
11,6,120
11,7,30
11,8,210
11,9,180
11,10,210
11,11,0
==========
