n_S,n_C,n_L,n_K,n_D,B
11,30,3,58,10,360
==========
Car ID,Level,Initial station
1,1,1
2,1,11
3,1,4
4,1,8
5,1,7
6,1,2
7,1,10
8,1,11
9,1,11
10,1,7
11,1,10
12,1,3
13,2,6
14,2,10
15,2,2
16,2,6
17,2,7
18,2,7
19,2,8
20,2,9
21,2,5
22,2,8
23,3,7
24,3,4
25,3,3
26,3,6
27,3,11
28,3,6
29,3,9
30,3,8
==========
Car level,Hour rate
1,190
2,440
3,1080
==========
Order ID,Level,Pick-up station,Return station,Pick-up time,Return time
1,3,5,3,2023/01/06 04:00,2023/01/06 16:00
2,3,1,6,2023/01/08 11:30,2023/01/08 14:30
3,1,8,11,2023/01/02 23:30,2023/01/03 02:30
4,1,9,10,2023/01/05 23:30,2023/01/06 01:30
5,3,11,5,2023/01/03 03:00,2023/01/03 06:00
6,1,3,9,2023/01/02 15:00,2023/01/03 01:00
7,1,2,10,2023/01/09 05:30,2023/01/09 08:30
8,1,2,2,2023/01/04 10:00,2023/01/04 22:00
9,3,11,7,2023/01/03 01:30,2023/01/03 12:30
10,2,10,9,2023/01/06 22:00,2023/01/07 09:00
11,1,7,4,2023/01/09 03:30,2023/01/09 09:30
12,1,8,8,2023/01/05 07:30,2023/01/05 21:30
13,1,6,9,2023/01/01 19:30,2023/01/02 04:30
14,2,10,4,2023/01/09 11:30,2023/01/09 20:30
15,2,7,6,2023/01/05 12:30,2023/01/05 22:30
16,2,6,4,2023/01/01 23:00,2023/01/02 09:00
17,1,6,2,2023/01/05 12:30,2023/01/05 16:30
18,1,2,4,2023/01/02 15:30,2023/01/02 21:30
19,2,7,7,2023/01/03 08:00,2023/01/03 15:00
20,3,7,1,2023/01/05 16:00,2023/01/05 20:00
21,2,2,10,2023/01/06 12:00,2023/01/06 16:00
22,2,6,2,2023/01/09 20:30,2023/01/10 01:30
23,2,3,9,2023/01/06 03:00,2023/01/06 04:00
24,3,10,1,2023/01/03 10:00,2023/01/03 19:00
25,2,1,1,2023/01/04 21:00,2023/01/05 00:00
26,1,5,6,2023/01/06 04:30,2023/01/06 14:30
27,2,11,5,2023/01/03 11:00,2023/01/04 00:00
28,3,8,6,2023/01/10 12:30,2023/01/10 18:30
29,1,10,3,2023/01/05 14:00,2023/01/05 17:00
30,1,5,10,2023/01/08 08:00,2023/01/08 19:00
31,1,6,10,2023/01/03 10:30,2023/01/03 15:30
32,1,10,2,2023/01/09 00:30,2023/01/09 03:30
33,2,1,7,2023/01/08 22:00,2023/01/09 09:00
34,3,8,4,2023/01/02 00:30,2023/01/02 05:30
35,3,2,6,2023/01/03 10:00,2023/01/03 12:00
36,1,8,10,2023/01/09 07:00,2023/01/09 21:00
37,1,8,4,2023/01/09 05:30,2023/01/09 09:30
38,3,8,5,2023/01/04 15:00,2023/01/05 01:00
39,3,10,2,2023/01/07 14:00,2023/01/08 02:00
40,3,2,4,2023/01/05 01:00,2023/01/05 12:00
41,1,11,10,2023/01/08 06:30,2023/01/08 20:30
42,2,11,8,2023/01/06 07:30,2023/01/06 19:30
43,2,11,4,2023/01/02 12:30,2023/01/02 19:30
44,2,10,9,2023/01/04 06:30,2023/01/04 19:30
45,3,7,1,2023/01/10 06:00,2023/01/10 10:00
46,1,4,1,2023/01/04 20:30,2023/01/05 07:30
47,1,9,8,2023/01/07 23:00,2023/01/08 03:00
48,1,3,5,2023/01/05 18:00,2023/01/06 05:00
49,3,11,6,2023/01/06 12:30,2023/01/06 17:30
50,3,6,10,2023/01/05 08:30,2023/01/05 11:30
51,1,7,3,2023/01/10 11:00,2023/01/10 15:00
52,2,9,9,2023/01/08 07:30,2023/01/08 19:30
53,1,9,1,2023/01/09 01:30,2023/01/09 04:30
54,3,2,9,2023/01/06 17:00,2023/01/06 23:00
55,1,6,1,2023/01/08 09:00,2023/01/08 13:00
56,2,3,9,2023/01/06 03:00,2023/01/06 16:00
57,3,8,9,2023/01/05 20:00,2023/01/06 00:00
58,1,10,11,2023/01/08 10:30,2023/01/08 13:30
==========
From,To,Moving time
1,1,0
1,2,30
1,3,180
1,4,30
1,5,210
1,6,30
1,7,60
1,8,30
1,9,60
1,10,120
1,11,120
2,1,30
2,2,0
2,3,150
2,4,90
2,5,180
2,6,60
2,7,30
2,8,30
2,9,150
2,10,180
2,11,180
3,1,180
3,2,150
3,3,0
3,4,210
3,5,150
3,6,120
3,7,60
3,8,120
3,9,150
3,10,30
3,11,180
4,1,30
4,2,90
4,3,210
4,4,0
4,5,150
4,6,90
4,7,180
4,8,120
4,9,120
4,10,30
4,11,60
5,1,210
5,2,180
5,3,150
5,4,150
5,5,0
5,6,90
5,7,120
5,8,90
5,9,150
5,10,60
5,11,180
6,1,30
6,2,60
6,3,120
6,4,90
6,5,90
6,6,0
6,7,210
6,8,30
6,9,210
6,10,120
6,11,30
7,1,60
7,2,30
7,3,60
7,4,180
7,5,120
7,6,210
7,7,0
7,8,60
7,9,210
7,10,150
7,11,180
8,1,30
8,2,30
8,3,120
8,4,120
8,5,90
8,6,30
8,7,60
8,8,0
8,9,60
8,10,150
8,11,180
9,1,60
9,2,150
9,3,150
9,4,120
9,5,150
9,6,210
9,7,210
9,8,60
9,9,0
9,10,120
9,11,120
10,1,120
10,2,180
10,3,30
10,4,30
10,5,60
10,6,120
10,7,150
10,8,150
10,9,120
10,10,0
10,11,30
11,1,120
11,2,180
11,3,180
11,4,60
11,5,180
11,6,30
11,7,180
11,8,180
11,9,120
11,10,30
11,11,0
==========
