n_S,n_C,n_L,n_K,n_D,B
11,30,3,58,10,360
==========
Car ID,Level,Initial station
1,1,6
2,1,10
3,1,10
4,1,5
5,1,3
6,1,11
7,1,9
8,1,7
9,1,7
10,1,8
11,1,1
12,1,6
13,2,11
14,2,7
15,2,10
16,2,8
17,2,2
18,2,3
19,2,4
20,2,11
21,2,6
22,2,1
23,3,8
24,3,2
25,3,2
26,3,9
27,3,11
28,3,9
29,3,5
30,3,10
==========
Car level,Hour rate
1,190
2,440
3,1080
==========
Order ID,Level,Pick-up station,Return station,Pick-up time,Return time
1,3,2,5,2023/01/02 06:00,2023/01/02 18:00
2,3,1,5,2023/01/05 23:30,2023/01/06 01:30
3,1,6,10,2023/01/07 00:30,2023/01/07 02:30
4,1,8,8,2023/01/07 14:30,2023/01/07 17:30
5,2,6,10,2023/01/09 13:30,2023/01/09 23:30
6,2,9,9,2023/01/01 01:00,2023/01/01 15:00
7,3,5,7,2023/01/07 13:30,2023/01/07 21:30
8,1,6,7,2023/01/02 19:30,2023/01/03 01:30
9,3,9,9,2023/01/02 10:00,2023/01/02 15:00
10,3,2,8,2023/01/03 10:00,2023/01/04 00:00
11,1,9,3,2023/01/07 11:00,2023/01/07 14:00
12,1,6,2,2023/01/07 03:30,2023/01/07 14:30
13,1,11,2,2023/01/01 12:30,2023/01/01 13:30
14,3,10,2,2023/01/03 17:00,2023/01/03 20:00
15,1,10,5,2023/01/05 08:30,2023/01/05 17:30
16,1,6,10,2023/01/10 19:00,2023/01/10 20:00
17,3,8,2,2023/01/04 20:00,2023/01/05 06:00
18,2,2,3,2023/01/07 13:00,2023/01/07 14:00
19,1,2,8,2023/01/07 20:30,2023/01/08 03:30
20,3,10,11,2023/01/09 16:30,2023/01/10 01:30
21,3,9,10,2023/01/06 20:30,2023/01/06 22:30
22,3,3,8,2023/01/04 09:00,2023/01/04 14:00
23,1,2,9,2023/01/09 23:30,2023/01/10 11:30
24,3,8,2,2023/01/08 07:30,2023/01/08 17:30
25,2,4,1,2023/01/03 18:30,2023/01/04 02:30
26,2,8,5,2023/01/07 14:30,2023/01/07 19:30
27,3,5,6,2023/01/05 18:30,2023/01/05 22:30
28,1,1,7,2023/01/06 19:30,2023/01/07 08:30
29,2,6,5,2023/01/02 13:30,2023/01/02 19:30
30,2,4,5,2023/01/03 21:00,2023/01/04 09:00
31,3,9,4,2023/01/01 11:00,2023/01/01 17:00
32,3,11,3,2023/01/08 15:30,2023/01/09 03:30
33,2,10,8,2023/01/03 09:00,2023/01/03 13:00
34,2,3,7,2023/01/07 03:00,2023/01/07 12:00
35,1,4,1,2023/01/04 17:30,2023/01/05 02:30
36,1,8,7,2023/01/01 17:00,2023/01/02 00:00
37,1,4,8,2023/01/03 03:30,2023/01/03 16:30
38,2,4,1,2023/01/02 01:00,2023/01/02 06:00
39,2,9,10,2023/01/10 12:00,2023/01/10 17:00
40,3,7,5,2023/01/04 02:00,2023/01/04 05:00
41,1,10,7,2023/01/02 02:30,2023/01/02 08:30
42,2,6,3,2023/01/05 05:30,2023/01/05 10:30
43,1,3,6,2023/01/04 11:30,2023/01/04 12:30
44,1,9,9,2023/01/03 04:30,2023/01/03 17:30
45,1,6,10,2023/01/08 07:00,2023/01/08 15:00
46,2,3,11,2023/01/04 20:30,2023/01/05 10:30
47,3,9,5,2023/01/07 14:30,2023/01/07 22:30
48,3,7,2,2023/01/04 16:00,2023/01/04 17:00
49,1,10,1,2023/01/02 19:30,2023/01/03 01:30
50,2,3,9,2023/01/02 00:30,2023/01/02 14:30
51,1,6,3,2023/01/02 05:30,2023/01/02 08:30
52,3,11,10,2023/01/09 15:30,2023/01/10 04:30
53,3,11,10,2023/01/07 22:30,2023/01/08 08:30
54,1,3,5,2023/01/09 02:00,2023/01/09 06:00
55,2,3,6,2023/01/01 01:30,2023/01/01 08:30
56,1,8,8,2023/01/08 03:30,2023/01/08 05:30
57,2,8,11,2023/01/06 12:00,2023/01/06 15:00
58,2,1,1,2023/01/02 01:30,2023/01/02 02:30
==========
From,To,Moving time
1,1,0
1,2,60
1,3,120
1,4,90
1,5,210
1,6,30
1,7,120
1,8,120
1,9,30
1,10,30
1,11,150
2,1,60
2,2,0
2,3,30
2,4,90
2,5,210
2,6,210
2,7,30
2,8,90
2,9,210
2,10,90
2,11,60
3,1,120
3,2,30
3,3,0
3,4,90
3,5,150
3,6,210
3,7,150
3,8,180
3,9,120
3,10,120
3,11,30
4,1,90
4,2,90
4,3,90
4,4,0
4,5,180
4,6,120
4,7,180
4,8,30
4,9,90
4,10,30
4,11,120
5,1,210
5,2,210
5,3,150
5,4,180
5,5,0
5,6,180
5,7,150
5,8,210
5,9,210
5,10,60
5,11,210
6,1,30
6,2,210
6,3,210
6,4,120
6,5,180
6,6,0
6,7,180
6,8,60
6,9,180
6,10,60
6,11,90
7,1,120
7,2,30
7,3,150
7,4,180
7,5,150
7,6,180
7,7,0
7,8,180
7,9,30
7,10,90
7,11,180
8,1,120
8,2,90
8,3,180
8,4,30
8,5,210
8,6,60
8,7,180
8,8,0
8,9,150
8,10,180
8,11,60
9,1,30
9,2,210
9,3,120
9,4,90
9,5,210
9,6,180
9,7,30
9,8,150
9,9,0
9,10,180
9,11,210
10,1,30
10,2,90
10,3,120
10,4,30
10,5,60
10,6,60
10,7,90
10,8,180
10,9,180
10,10,0
10,11,30
11,1,150
11,2,60
11,3,30
11,4,120
11,5,210
11,6,90
11,7,180
11,8,60
11,9,210
11,10,30
11,11,0
==========
