n_S,n_C,n_L,n_K,n_D,B
11,30,3,58,10,360
==========
Car ID,Level,Initial station
1,1,5
2,1,9
3,1,1
4,1,4
5,1,10
6,1,1
7,1,2
8,1,10
9,1,6
10,1,4
11,1,1
12,1,6
13,2,7
14,2,9
15,2,2
16,2,10
17,2,3
18,2,9
19,2,10
20,2,3
21,2,10
22,2,4
23,3,8
24,3,3
25,3,6
26,3,5
27,3,10
28,3,1
29,3,11
30,3,9
==========
Car level,Hour rate
1,190
2,440
3,1080
==========
Order ID,Level,Pick-up station,Return station,Pick-up time,Return time
1,1,6,7,2023/01/07 22:00,2023/01/08 12:00
2,3,2,10,2023/01/04 11:00,2023/01/04 18:00
3,3,11,3,2023/01/07 03:00,2023/01/07 07:00
4,2,1,9,2023/01/06 03:30,2023/01/06 13:30
5,2,6,8,2023/01/07 15:00,2023/01/07 18:00
6,3,11,11,2023/01/01 03:30,2023/01/01 14:30
7,3,7,8,2023/01/10 03:00,2023/01/10 04:00
8,2,2,11,2023/01/04 08:30,2023/01/04 09:30
9,2,5,6,2023/01/01 10:00,2023/01/01 11:00
10,2,5,1,2023/01/07 20:30,2023/01/07 21:30
11,3,5,4,2023/01/03 13:30,2023/01/03 17:30
12,1,5,8,2023/01/02 02:30,2023/01/02 12:30
13,3,10,1,2023/01/05 10:00,2023/01/05 17:00
14,3,7,5,2023/01/07 18:00,2023/01/08 08:00
15,2,2,7,2023/01/08 12:00,2023/01/08 22:00
16,3,6,11,2023/01/03 14:00,2023/01/03 19:00
17,2,8,2,2023/01/01 08:00,2023/01/01 22:00
18,2,1,5,2023/01/09 12:30,2023/01/09 20:30
19,2,3,4,2023/01/02 10:30,2023/01/02 13:30
20,1,5,6,2023/01/02 15:00,2023/01/03 03:00
21,3,1,6,2023/01/06 20:00,2023/01/06 21:00
22,3,5,11,2023/01/04 23:30,2023/01/05 09:30
23,2,8,4,2023/01/09 21:30,2023/01/10 09:30
24,3,6,11,2023/01/06 20:00,2023/01/07 02:00
25,1,9,6,2023/01/05 11:30,2023/01/05 21:30
26,2,2,10,2023/01/09 06:30,2023/01/09 18:30
27,2,6,5,2023/01/04 12:30,2023/01/04 15:30
28,1,2,9,2023/01/07 07:30,2023/01/07 17:30
29,2,8,1,2023/01/08 22:30,2023/01/09 06:30
30,2,4,9,2023/01/08 06:00,2023/01/08 13:00
31,3,10,11,2023/01/10 16:00,2023/01/10 17:00
32,1,6,7,2023/01/07 06:00,2023/01/07 19:00
33,1,10,9,2023/01/02 13:30,2023/01/02 15:30
34,2,9,7,2023/01/08 13:00,2023/01/08 15:00
35,3,11,5,2023/01/03 10:00,2023/01/03 22:00
36,3,5,5,2023/01/08 08:30,2023/01/08 09:30
37,3,6,7,2023/01/03 13:00,2023/01/03 18:00
38,2,9,2,2023/01/10 06:30,2023/01/10 19:30
39,1,10,8,2023/01/05 12:00,2023/01/05 13:00
40,3,3,8,2023/01/05 01:00,2023/01/05 07:00
41,1,1,10,2023/01/10 06:00,2023/01/10 16:00
42,3,10,8,2023/01/10 19:00,2023/01/11 00:00
43,1,8,10,2023/01/09 10:30,2023/01/09 13:30
44,3,10,11,2023/01/08 14:00,2023/01/08 21:00
45,3,4,5,2023/01/05 16:00,2023/01/06 01:00
46,3,1,3,2023/01/03 09:00,2023/01/03 17:00
47,1,2,6,2023/01/08 00:00,2023/01/08 03:00
48,3,7,4,2023/01/06 05:00,2023/01/06 10:00
49,1,7,10,2023/01/08 13:30,2023/01/08 15:30
50,1,10,11,2023/01/05 01:30,2023/01/05 04:30
51,2,2,6,2023/01/07 21:30,2023/01/08 04:30
52,1,3,2,2023/01/02 02:30,2023/01/02 15:30
53,2,8,1,2023/01/04 06:00,2023/01/04 10:00
54,2,2,6,2023/01/01 19:30,2023/01/02 09:30
55,1,2,5,2023/01/07 08:00,2023/01/07 13:00
56,2,7,10,2023/01/02 00:30,2023/01/02 01:30
57,3,10,2,2023/01/09 12:00,2023/01/09 23:00
58,2,8,9,2023/01/04 09:30,2023/01/04 12:30
==========
From,To,Moving time
1,1,0
1,2,150
1,3,210
1,4,90
1,5,90
1,6,210
1,7,60
1,8,30
1,9,60
1,10,120
1,11,90
2,1,150
2,2,0
2,3,120
2,4,30
2,5,150
2,6,180
2,7,210
2,8,90
2,9,150
2,10,180
2,11,90
3,1,210
3,2,120
3,3,0
3,4,150
3,5,60
3,6,30
3,7,90
3,8,60
3,9,150
3,10,30
3,11,210
4,1,90
4,2,30
4,3,150
4,4,0
4,5,30
4,6,180
4,7,150
4,8,90
4,9,120
4,10,180
4,11,120
5,1,90
5,2,150
5,3,60
5,4,30
5,5,0
5,6,120
5,7,180
5,8,120
5,9,210
5,10,30
5,11,30
6,1,210
6,2,180
6,3,30
6,4,180
6,5,120
6,6,0
6,7,180
6,8,210
6,9,90
6,10,150
6,11,30
7,1,60
7,2,210
7,3,90
7,4,150
7,5,180
7,6,180
7,7,0
7,8,210
7,9,210
7,10,90
7,11,120
8,1,30
8,2,90
8,3,60
8,4,90
8,5,120
8,6,210
8,7,210
8,8,0
8,9,90
8,10,30
8,11,120
9,1,60
9,2,150
9,3,150
9,4,120
9,5,210
9,6,90
9,7,210
9,8,90
9,9,0
9,10,30
9,11,30
10,1,120
10,2,180
10,3,30
10,4,180
10,5,30
10,6,150
10,7,90
10,8,30
10,9,30
10,10,0
10,11,180
11,1,90
11,2,90
11,3,210
11,4,120
11,5,30
11,6,30
11,7,120
11,8,120
11,9,30
11,10,180
11,11,0
==========
