n_S,n_C,n_L,n_K,n_D,B
11,30,3,58,10,360
==========
Car ID,Level,Initial station
1,1,1
2,1,11
3,1,11
4,1,7
5,1,3
6,1,2
7,1,6
8,1,8
9,1,2
10,1,5
11,1,8
12,1,3
13,2,2
14,2,8
15,2,5
16,2,1
17,2,9
18,2,3
19,2,11
20,2,2
21,2,5
22,2,5
23,3,4
24,3,6
25,3,4
26,3,5
27,3,6
28,3,10
29,3,2
30,3,4
==========
Car level,Hour rate
1,190
2,440
3,1080
==========
Order ID,Level,Pick-up station,Return station,Pick-up time,Return time
1,1,4,3,2023/01/05 16:00,2023/01/05 17:00
2,3,1,5,2023/01/08 19:00,2023/01/08 23:00
3,1,10,1,2023/01/02 16:30,2023/01/02 23:30
4,1,11,8,2023/01/05 04:00,2023/01/05 14:00
5,2,6,2,2023/01/01 21:30,2023/01/02 10:30
6,1,11,1,2023/01/01 15:00,2023/01/01 19:00
7,1,2,3,2023/01/04 06:00,2023/01/04 15:00
8,2,8,8,2023/01/07 13:30,2023/01/07 17:30
9,3,5,8,2023/01/08 07:30,2023/01/08 20:30
10,1,11,1,2023/01/01 22:30,2023/01/02 01:30
11,1,7,6,2023/01/04 19:00,2023/01/04 22:00
12,1,6,4,2023/01/06 19:30,2023/01/07 04:30
13,1,7,1,2023/01/09 20:30,2023/01/09 22:30
14,1,1,2,2023/01/04 10:30,2023/01/04 22:30
15,2,5,2,2023/01/10 09:30,2023/01/10 18:30
16,2,6,10,2023/01/10 08:30,2023/01/10 16:30
17,1,5,10,2023/01/03 01:30,2023/01/03 10:30
18,1,6,9,2023/01/02 09:30,2023/01/02 20:30
19,2,7,8,2023/01/06 01:30,2023/01/06 09:30
20,2,7,1,2023/01/02 16:00,2023/01/02 23:00
21,3,4,8,2023/01/06 08:00,2023/01/06 11:00
22,3,5,8,2023/01/07 00:30,2023/01/07 14:30
23,2,2,4,2023/01/06 10:30,2023/01/06 15:30
24,2,11,1,2023/01/03 22:30,2023/01/04 08:30
25,2,10,10,2023/01/09 22:00,2023/01/10 12:00
26,1,8,8,2023/01/04 06:00,2023/01/04 08:00
27,2,4,9,2023/01/10 11:30,2023/01/10 15:30
28,2,4,1,2023/01/10 02:30,2023/01/10 07:30
29,2,2,4,2023/01/10 06:00,2023/01/10 11:00
30,2,11,1,2023/01/02 10:30,2023/01/02 17:30
31,2,5,3,2023/01/09 08:30,2023/01/09 20:30
32,1,6,2,2023/01/04 15:30,2023/01/04 20:30
33,2,11,2,2023/01/01 09:00,2023/01/01 20:00
34,3,10,3,2023/01/03 03:00,2023/01/03 04:00
35,1,9,1,2023/01/06 14:30,2023/01/06 23:30
36,2,3,10,2023/01/06 14:30,2023/01/06 20:30
37,2,8,10,2023/01/02 13:30,2023/01/02 21:30
38,2,6,5,2023/01/05 11:00,2023/01/05 17:00
39,3,2,3,2023/01/07 21:30,2023/01/08 02:30
40,1,6,3,2023/01/09 18:30,2023/01/10 00:30
41,2,8,3,2023/01/07 09:30,2023/01/07 19:30
42,1,10,11,2023/01/07 18:30,2023/01/08 00:30
43,3,1,9,2023/01/04 18:00,2023/01/05 02:00
44,2,6,4,2023/01/03 10:00,2023/01/03 23:00
45,1,8,8,2023/01/08 19:30,2023/01/08 22:30
46,3,3,6,2023/01/09 17:30,2023/01/10 01:30
47,3,1,5,2023/01/09 06:30,2023/01/09 17:30
48,3,10,9,2023/01/09 16:00,2023/01/10 06:00
49,1,4,3,2023/01/01 14:30,2023/01/02 01:30
50,3,11,5,2023/01/10 00:00,2023/01/10 08:00
51,2,6,6,2023/01/10 04:30,2023/01/10 12:30
52,3,4,9,2023/01/05 13:00,2023/01/05 16:00
53,3,4,4,2023/01/10 17:00,2023/01/10 18:00
54,2,4,5,2023/01/05 12:30,2023/01/05 22:30
55,1,10,2,2023/01/09 06:30,2023/01/09 12:30
56,3,1,7,2023/01/06 09:30,2023/01/06 10:30
57,2,9,3,2023/01/03 04:00,2023/01/03 06:00
58,2,10,3,2023/01/04 01:00,2023/01/04 06:00
==========
From,To,Moving time
1,1,0
1,2,120
1,3,150
1,4,30
1,5,120
1,6,210
1,7,30
1,8,30
1,9,60
1,10,30
1,11,90
2,1,120
2,2,0
2,3,90
2,4,30
2,5,120
2,6,150
2,7,150
2,8,30
2,9,150
2,10,210
2,11,150
3,1,150
3,2,90
3,3,0
3,4,60
3,5,180
3,6,60
3,7,120
3,8,210
3,9,90
3,10,150
3,11,90
4,1,30
4,2,30
4,3,60
4,4,0
4,5,210
4,6,30
4,7,150
4,8,90
4,9,210
4,10,150
4,11,210
5,1,120
5,2,120
5,3,180
5,4,210
5,5,0
5,6,150
5,7,210
5,8,150
5,9,150
5,10,90
5,11,120
6,1,210
6,2,150
6,3,60
6,4,30
6,5,150
6,6,0
6,7,60
6,8,60
6,9,60
6,10,120
6,11,150
7,1,30
7,2,150
7,3,120
7,4,150
7,5,210
7,6,60
7,7,0
7,8,90
7,9,90
7,10,60
7,11,120
8,1,30
8,2,30
8,3,210
8,4,90
8,5,150
8,6,60
8,7,90
8,8,0
8,9,60
8,10,30
8,11,60
9,1,60
9,2,150
9,3,90
9,4,210
9,5,150
9,6,60
9,7,90
9,8,60
9,9,0
9,10,120
9,11,90
10,1,30
10,2,210
10,3,150
10,4,150
10,5,90
10,6,120
10,7,60
10,8,30
10,9,120
10,10,0
10,11,60
11,1,90
11,2,150
11,3,90
11,4,210
11,5,120
11,6,150
11,7,120
11,8,60
11,9,90
11,10,60
11,11,0
==========
