n_S,n_C,n_L,n_K,n_D,B
11,30,3,58,10,360
==========
Car ID,Level,Initial station
1,1,1
2,1,11
3,1,8
4,1,1
5,1,8
6,1,3
7,1,7
8,1,5
9,1,9
10,1,8
11,1,11
12,1,3
13,2,10
14,2,10
15,2,5
16,2,7
17,2,1
18,2,1
19,2,7
20,2,3
21,2,9
22,2,5
23,3,8
24,3,10
25,3,4
26,3,9
27,3,7
28,3,7
29,3,3
30,3,11
==========
Car level,Hour rate
1,190
2,440
3,1080
==========
Order ID,Level,Pick-up station,Return station,Pick-up time,Return time
1,1,4,4,2023/01/04 10:30,2023/01/04 12:30
2,3,7,11,2023/01/08 02:00,2023/01/08 11:00
3,3,8,6,2023/01/07 15:30,2023/01/07 17:30
4,2,9,2,2023/01/04 21:30,2023/01/04 22:30
5,3,9,8,2023/01/06 18:30,2023/01/07 06:30
6,1,7,10,2023/01/09 15:30,2023/01/10 01:30
7,1,3,2,2023/01/04 03:30,2023/01/04 08:30
8,1,10,4,2023/01/04 15:00,2023/01/04 19:00
9,2,5,8,2023/01/05 05:30,2023/01/05 09:30
10,2,9,4,2023/01/06 22:30,2023/01/06 23:30
11,3,4,1,2023/01/03 14:00,2023/01/04 02:00
12,3,10,5,2023/01/06 17:00,2023/01/07 04:00
13,3,5,1,2023/01/08 10:00,2023/01/08 14:00
14,3,2,6,2023/01/10 00:30,2023/01/10 07:30
15,3,1,7,2023/01/08 10:30,2023/01/08 19:30
16,1,1,2,2023/01/02 23:00,2023/01/03 00:00
17,3,9,5,2023/01/05 06:30,2023/01/05 17:30
18,2,5,3,2023/01/06 11:00,2023/01/07 01:00
19,2,8,2,2023/01/05 00:30,2023/01/05 07:30
20,1,1,9,2023/01/06 10:00,2023/01/06 20:00
21,1,9,5,2023/01/09 20:00,2023/01/10 07:00
22,1,10,5,2023/01/03 23:00,2023/01/04 02:00
23,2,10,2,2023/01/06 12:30,2023/01/07 01:30
24,3,7,10,2023/01/01 20:30,2023/01/02 04:30
25,2,11,3,2023/01/06 19:00,2023/01/07 02:00
26,1,7,4,2023/01/07 11:00,2023/01/07 14:00
27,2,11,2,2023/01/03 20:00,2023/01/04 07:00
28,1,11,4,2023/01/05 13:30,2023/01/06 03:30
29,1,4,3,2023/01/02 13:30,2023/01/02 21:30
30,1,2,6,2023/01/01 12:30,2023/01/01 15:30
31,3,8,8,2023/01/06 20:30,2023/01/07 10:30
32,1,8,4,2023/01/04 02:30,2023/01/04 05:30
33,1,10,11,2023/01/09 10:30,2023/01/09 19:30
34,1,11,8,2023/01/10 08:30,2023/01/10 14:30
35,2,1,2,2023/01/08 04:00,2023/01/08 10:00
36,1,5,6,2023/01/05 02:30,2023/01/05 03:30
37,1,4,3,2023/01/08 03:30,2023/01/08 17:30
38,3,9,3,2023/01/07 11:00,2023/01/07 18:00
39,1,2,11,2023/01/05 02:30,2023/01/05 14:30
40,1,8,4,2023/01/02 16:30,2023/01/03 04:30
41,2,1,1,2023/01/03 14:00,2023/01/03 20:00
42,1,5,9,2023/01/03 01:30,2023/01/03 02:30
43,2,6,8,2023/01/04 03:30,2023/01/04 07:30
44,1,11,10,2023/01/04 06:00,2023/01/04 15:00
45,1,6,11,2023/01/09 10:00,2023/01/09 12:00
46,2,5,6,2023/01/01 14:00,2023/01/01 17:00
47,2,3,10,2023/01/08 06:30,2023/01/08 18:30
48,2,5,3,2023/01/06 16:00,2023/01/06 17:00
49,1,5,6,2023/01/02 02:30,2023/01/02 13:30
50,1,4,1,2023/01/01 13:30,2023/01/01 22:30
51,3,4,4,2023/01/03 06:30,2023/01/03 12:30
52,3,10,5,2023/01/05 08:00,2023/01/05 11:00
53,1,9,7,2023/01/03 11:30,2023/01/03 22:30
54,3,5,5,2023/01/09 05:00,2023/01/09 16:00
55,2,10,1,2023/01/02 01:30,2023/01/02 10:30
56,3,5,1,2023/01/10 00:30,2023/01/10 14:30
57,1,5,7,2023/01/01 23:00,2023/01/02 09:00
58,3,11,1,2023/01/08 02:00,2023/01/08 03:00
==========
From,To,Moving time
1,1,0
1,2,210
1,3,30
1,4,90
1,5,60
1,6,60
1,7,60
1,8,30
1,9,90
1,10,30
1,11,150
2,1,210
2,2,0
2,3,150
2,4,120
2,5,120
2,6,120
2,7,30
2,8,210
2,9,150
2,10,210
2,11,120
3,1,30
3,2,150
3,3,0
3,4,60
3,5,90
3,6,90
3,7,60
3,8,90
3,9,30
3,10,60
3,11,30
4,1,90
4,2,120
4,3,60
4,4,0
4,5,120
4,6,150
4,7,210
4,8,60
4,9,210
4,10,30
4,11,210
5,1,60
5,2,120
5,3,90
5,4,120
5,5,0
5,6,30
5,7,30
5,8,120
5,9,180
5,10,150
5,11,180
6,1,60
6,2,120
6,3,90
6,4,150
6,5,30
6,6,0
6,7,30
6,8,60
6,9,90
6,10,120
6,11,90
7,1,60
7,2,30
7,3,60
7,4,210
7,5,30
7,6,30
7,7,0
7,8,210
7,9,180
7,10,120
7,11,180
8,1,30
8,2,210
8,3,90
8,4,60
8,5,120
8,6,60
8,7,210
8,8,0
8,9,60
8,10,180
8,11,210
9,1,90
9,2,150
9,3,30
9,4,210
9,5,180
9,6,90
9,7,180
9,8,60
9,9,0
9,10,180
9,11,210
10,1,30
10,2,210
10,3,60
10,4,30
10,5,150
10,6,120
10,7,120
10,8,180
10,9,180
10,10,0
10,11,120
11,1,150
11,2,120
11,3,30
11,4,210
11,5,180
11,6,90
11,7,180
11,8,210
11,9,210
11,10,120
11,11,0
==========
