n_S,n_C,n_L,n_K,n_D,B
11,30,3,58,10,360
==========
Car ID,Level,Initial station
1,1,5
2,1,8
3,1,5
4,1,4
5,1,6
6,1,6
7,1,6
8,1,4
9,1,5
10,1,5
11,1,7
12,1,2
13,2,10
14,2,7
15,2,7
16,2,10
17,2,1
18,2,4
19,2,9
20,2,11
21,2,3
22,2,4
23,3,8
24,3,8
25,3,7
26,3,2
27,3,7
28,3,10
29,3,11
30,3,5
==========
Car level,Hour rate
1,190
2,440
3,1080
==========
Order ID,Level,Pick-up station,Return station,Pick-up time,Return time
1,2,10,2,2023/01/05 08:00,2023/01/05 19:00
2,3,2,4,2023/01/10 03:00,2023/01/10 04:00
3,2,11,10,2023/01/09 14:00,2023/01/10 04:00
4,1,11,3,2023/01/04 21:30,2023/01/05 01:30
5,3,1,10,2023/01/04 09:00,2023/01/04 20:00
6,1,10,1,2023/01/07 00:30,2023/01/07 04:30
7,2,1,1,2023/01/10 13:30,2023/01/10 14:30
8,1,8,6,2023/01/07 06:00,2023/01/07 11:00
9,2,8,9,2023/01/09 01:30,2023/01/09 05:30
10,3,1,8,2023/01/09 06:30,2023/01/09 17:30
11,3,6,9,2023/01/04 12:00,2023/01/04 16:00
12,2,11,3,2023/01/09 13:30,2023/01/09 23:30
13,2,5,8,2023/01/08 19:00,2023/01/09 04:00
14,2,5,8,2023/01/10 14:00,2023/01/10 15:00
15,1,11,7,2023/01/04 19:30,2023/01/04 21:30
16,3,9,6,2023/01/06 19:00,2023/01/06 21:00
17,1,2,8,2023/01/02 22:00,2023/01/03 03:00
18,3,7,3,2023/01/01 13:00,2023/01/02 02:00
19,3,5,10,2023/01/03 18:30,2023/01/04 07:30
20,2,2,10,2023/01/02 19:00,2023/01/02 23:00
21,3,3,8,2023/01/07 13:00,2023/01/07 21:00
22,3,1,1,2023/01/05 06:30,2023/01/05 18:30
23,2,1,1,2023/01/06 14:30,2023/01/06 22:30
24,2,2,11,2023/01/03 23:00,2023/01/04 11:00
25,3,10,10,2023/01/02 00:00,2023/01/02 08:00
26,2,8,9,2023/01/03 08:30,2023/01/03 21:30
27,1,4,3,2023/01/07 23:00,2023/01/08 02:00
28,1,6,4,2023/01/07 06:00,2023/01/07 18:00
29,3,2,6,2023/01/01 02:30,2023/01/01 12:30
30,1,3,8,2023/01/05 05:30,2023/01/05 07:30
31,2,9,3,2023/01/01 22:30,2023/01/02 11:30
32,3,2,10,2023/01/02 18:30,2023/01/03 03:30
33,2,4,7,2023/01/06 20:30,2023/01/07 08:30
34,2,2,7,2023/01/09 05:00,2023/01/09 14:00
35,2,4,5,2023/01/06 18:30,2023/01/07 01:30
36,3,1,2,2023/01/09 11:00,2023/01/09 17:00
37,2,2,4,2023/01/08 20:00,2023/01/09 08:00
38,1,2,9,2023/01/06 15:30,2023/01/06 19:30
39,2,9,9,2023/01/04 09:00,2023/01/04 14:00
40,2,9,7,2023/01/07 21:30,2023/01/08 07:30
41,3,7,10,2023/01/03 12:00,2023/01/03 19:00
42,1,5,8,2023/01/09 11:30,2023/01/09 22:30
43,2,3,2,2023/01/09 03:00,2023/01/09 10:00
44,3,7,10,2023/01/07 11:00,2023/01/07 23:00
45,2,3,8,2023/01/04 22:30,2023/01/05 01:30
46,2,10,8,2023/01/02 12:30,2023/01/03 00:30
47,1,10,8,2023/01/02 06:30,2023/01/02 18:30
48,2,1,2,2023/01/09 02:30,2023/01/09 07:30
49,2,1,4,2023/01/03 12:00,2023/01/03 21:00
50,3,7,7,2023/01/01 06:30,2023/01/01 20:30
51,2,11,4,2023/01/01 00:00,2023/01/01 06:00
52,3,9,9,2023/01/08 03:00,2023/01/08 11:00
53,1,4,11,2023/01/08 15:30,2023/01/08 20:30
54,2,1,4,2023/01/05 09:00,2023/01/05 10:00
55,2,6,6,2023/01/08 05:30,2023/01/08 06:30
56,3,2,10,2023/01/05 01:30,2023/01/05 12:30
57,2,11,6,2023/01/07 17:00,2023/01/08 02:00
58,2,6,3,2023/01/02 10:30,2023/01/02 11:30
==========
From,To,Moving time
1,1,0
1,2,30
1,3,120
1,4,150
1,5,120
1,6,90
1,7,90
1,8,120
1,9,30
1,10,90
1,11,90
2,1,30
2,2,0
2,3,210
2,4,90
2,5,30
2,6,30
2,7,150
2,8,210
2,9,90
2,10,150
2,11,60
3,1,120
3,2,210
3,3,0
3,4,60
3,5,60
3,6,150
3,7,150
3,8,180
3,9,90
3,10,210
3,11,120
4,1,150
4,2,90
4,3,60
4,4,0
4,5,210
4,6,120
4,7,180
4,8,90
4,9,90
4,10,210
4,11,150
5,1,120
5,2,30
5,3,60
5,4,210
5,5,0
5,6,210
5,7,210
5,8,180
5,9,90
5,10,30
5,11,180
6,1,90
6,2,30
6,3,150
6,4,120
6,5,210
6,6,0
6,7,180
6,8,150
6,9,90
6,10,180
6,11,30
7,1,90
7,2,150
7,3,150
7,4,180
7,5,210
7,6,180
7,7,0
7,8,120
7,9,210
7,10,210
7,11,150
8,1,120
8,2,210
8,3,180
8,4,90
8,5,180
8,6,150
8,7,120
8,8,0
8,9,120
8,10,120
8,11,210
9,1,30
9,2,90
9,3,90
9,4,90
9,5,90
9,6,90
9,7,210
9,8,120
9,9,0
9,10,180
9,11,120
10,1,90
10,2,150
10,3,210
10,4,210
10,5,30
10,6,180
10,7,210
10,8,120
10,9,180
10,10,0
10,11,30
11,1,90
11,2,60
11,3,120
11,4,150
11,5,180
11,6,30
11,7,150
11,8,210
11,9,120
11,10,30
11,11,0
==========
